10
11
12
14
13
153
156
1311
583
1120
158
157
151
154
155
966
580
577
581
658
660
161
160
159
149
152
965
578
579
584
582
1117
659
657
662
1336
163
162
147
150
1363
968
967
1406
1217
1216
719
1237
284
1119
1317
664
663
661
1080
165
164
1118
145
148
958
1389
368
369
718
717
723
285
283
286
287
925
923
1289
1079
1077
168
167
166
143
146
956
960
367
363
365
1280
720
721
722
724
1346
289
288
1304
924
921
409
410
407
1078
1357
170
169
140
144
1294
957
959
1235
366
364
796
794
996
992
993
332
1246
1247
826
1400
1061
1062
1408
922
1313
411
405
406
1007
173
172
171
138
141
491
490
488
489
1143
799
793
795
1386
995
604
994
334
331
333
822
821
824
825
1059
523
527
528
526
1101
1381
408
1006
1005
1008
175
174
136
139
142
1092
486
484
492
1142
798
797
1296
603
600
605
1278
336
335
1203
1372
1249
823
1060
392
1063
522
521
525
1099
746
745
744
1085
177
176
134
137
1091
748
485
487
1144
266
265
263
601
602
606
1029
1202
1199
706
705
1248
395
391
393
1321
776
774
524
1210
251
1100
1340
743
741
742
459
1086
179
178
394
131
135
1012
750
747
749
1342
268
261
262
1036
1033
1034
1030
1028
1031
1201
498
1200
707
702
703
396
397
1415
778
772
773
1211
248
245
250
252
1141
458
457
464
181
180
182
129
132
1009
1010
751
752
1097
267
264
1205
780
1035
303
302
1032
499
493
497
1173
1272
708
704
1329
1328
629
1147
777
775
1039
1037
1040
246
247
249
1139
465
462
461
463
1292
184
183
460
126
130
133
1011
427
429
1383
1098
1096
533
1204
781
779
782
1348
300
297
301
495
494
496
1172
67
68
1170
1168
1171
631
628
630
1145
1146
1350
324
1038
609
608
1297
804
805
1140
1233
944
942
186
185
1379
124
127
1359
1074
428
426
432
1314
534
529
530
532
783
785
784
1151
644
298
299
1121
1122
1303
1174
919
65
63
69
1169
632
633
634
319
318
321
1152
323
1020
613
607
610
802
800
806
352
353
945
941
188
187
122
125
128
1073
1075
431
430
937
536
535
531
1068
1323
400
1414
1153
643
642
648
1262
1123
434
436
920
915
918
64
66
891
892
1259
1355
1270
1269
1271
320
322
1377
1022
1018
1019
612
611
1384
801
803
350
349
354
1390
943
1361
190
189
119
123
1338
1076
677
679
1291
938
936
939
1067
1064
399
398
404
1330
645
646
647
1261
1260
435
433
438
1399
917
916
1286
893
890
894
447
446
1130
509
513
1196
1197
1279
989
987
990
991
1281
351
355
1405
971
972
192
191
1411
1132
1021
117
120
121
678
673
680
940
280
1305
1066
837
1065
401
402
403
1331
1167
1165
59
1256
914
913
1352
437
1392
850
851
1371
40
38
36
1367
895
1394
449
445
448
1131
508
507
512
1194
341
342
340
988
737
736
734
1212
1213
562
969
195
194
193
8
118
1108
676
674
675
1319
279
276
281
1401
838
833
835
1250
682
683
687
1166
61
55
60
911
908
912
849
845
848
39
34
35
868
870
871
450
907
1301
1183
510
511
1195
699
1198
339
337
338
738
733
735
568
561
563
564
1308
196
16
970
5
7
9
575
573
1105
277
278
282
1245
836
834
1251
684
681
686
1273
62
58
56
57
909
910
1370
847
846
1335
1228
1226
867
866
872
904
902
906
1181
1182
700
695
698
1255
1373
1107
37
1398
828
830
1242
740
739
1239
1114
566
565
567
17
15
6
116
1310
572
569
574
1106
1236
731
732
1244
326
327
1374
685
1185
1179
1178
886
885
887
1285
33
30
28
1220
1222
590
589
1227
1333
46
869
1369
903
905
72
74
1275
701
697
696
1254
829
827
832
1243
1345
292
291
1113
666
1116
19
18
1344
113
114
115
974
570
571
576
727
725
730
978
328
325
329
1184
505
504
503
1180
1300
888
889
1366
31
27
29
1221
591
585
587
1231
44
41
45
47
1188
592
71
70
75
1163
1161
1164
1325
382
381
380
1050
831
1403
296
290
293
1115
667
665
668
201
197
198
1287
111
112
973
975
1404
1219
1218
726
728
729
977
979
330
1187
1186
506
500
501
1125
442
444
1396
858
855
32
1332
1225
588
586
1230
1229
42
43
899
897
76
73
1162
639
638
1324
383
377
378
1049
1051
295
294
1318
672
671
669
670
1337
200
199
109
110
1362
976
1388
361
362
358
1282
981
980
597
1277
1024
1026
1027
1376
502
1124
440
439
443
1393
857
852
853
1223
1224
1334
860
861
1368
901
896
898
1258
640
635
636
1150
1412
379
1320
1053
539
1052
1306
929
930
928
1290
1083
1081
1084
205
202
203
107
108
948
950
360
356
357
810
808
1387
596
593
598
599
1023
1025
309
308
306
1126
1263
441
877
878
856
854
21
23
25
862
859
863
1397
900
1354
1267
641
637
1148
770
771
769
538
537
543
1409
927
416
417
414
1082
208
204
926
105
106
946
949
1232
813
807
809
1298
594
595
1042
310
304
305
1265
627
1264
1353
875
873
876
22
20
26
1365
864
865
456
455
453
1266
1268
312
314
1149
768
765
767
540
541
542
544
1312
418
412
413
999
1358
207
206
359
1364
103
104
1295
947
470
471
1134
812
811
257
255
1044
1041
1043
1349
307
623
621
626
1257
874
1284
880
881
1395
454
451
452
1129
313
311
317
1351
1047
766
1209
1208
243
1102
1104
1380
415
998
997
213
209
210
24
100
101
473
466
472
474
1133
258
253
254
787
789
1155
1154
1156
622
624
625
1158
54
51
49
882
879
884
1302
1128
1127
315
316
1046
1045
1048
238
237
240
244
1103
764
763
762
1000
212
211
98
102
1090
468
467
469
1135
1341
260
259
256
1207
788
786
791
1413
390
1326
1160
1157
1159
53
48
50
883
1177
515
516
1378
1017
1015
620
616
615
239
241
242
1343
761
759
760
1087
215
214
96
99
1089
754
753
755
758
1093
549
548
546
790
792
386
384
389
1327
690
694
1274
52
1175
517
514
520
1191
1016
1013
1014
619
614
617
1299
818
819
1136
1138
476
477
1088
219
216
217
1094
1206
94
95
97
1004
756
757
1382
1095
550
545
547
1058
385
387
388
689
688
693
1176
518
519
1189
1192
1276
618
1385
816
814
820
1137
483
475
478
1322
482
222
218
91
92
1001
1002
422
425
1315
552
551
1057
1054
1055
841
1252
691
692
1190
347
348
984
982
985
815
817
371
373
1234
480
479
481
1293
221
220
1193
89
93
1003
420
419
423
932
934
1307
1056
843
839
840
345
343
346
983
713
986
1283
372
370
374
954
952
226
223
224
1410
1253
1375
86
90
1356
1070
421
424
933
931
935
273
274
1402
844
842
344
714
709
710
712
376
375
1391
955
951
228
225
84
87
88
1069
1071
1288
656
1316
272
269
275
1241
716
715
711
1214
1215
1407
963
964
1360
230
227
1240
953
82
85
1072
653
649
651
1111
270
271
1238
560
555
554
961
232
229
655
1347
79
83
1339
654
652
650
1109
558
553
556
962
235
231
1110
77
80
81
1112
559
557
1309
234
233
1
2
4
3
236
78
0
