1.000000000000000000e+04 0.000000000000000000e+00
9.969173337331545554e+03 7.845909572750695133e+02
9.440811062854247211e+03 3.378086441165926317e+02
9.969173337331289076e+03 -7.845909572783327803e+02
9.119461671696213671e+03 -4.360473256028270157e+02
0.000000000000000000e+00 1.000000000000000000e+04
7.845909572783327803e+02 9.969173337331289076e+03
4.360473256028241735e+02 9.119461671696213671e+03
-7.845909572750695133e+02 9.969173337331545554e+03
-3.378086441165958149e+02 9.440811062854247211e+03
-1.000000000000000000e+04 0.000000000000000000e+00
-9.969173337331289076e+03 7.845909572783327803e+02
-9.119461671696213671e+03 4.360473256028197966e+02
-9.969173337331545554e+03 -7.845909572750695133e+02
-9.440811062854247211e+03 -3.378086441165942801e+02
0.000000000000000000e+00 -1.000000000000000000e+04
-7.845909572783327803e+02 -9.969173337331289076e+03
-4.360473256028237188e+02 -9.119461671696215490e+03
7.845909572750695133e+02 -9.969173337331545554e+03
3.378086441165926317e+02 -9.440811062854247211e+03
1.000000000000000000e+03 0.000000000000000000e+00
8.255112685286344458e+02 2.332965221726817049e+02
1.210652051555101934e+03 1.787580587220347184e+02
7.583105164940761824e+02 -2.848526495347746135e+01
1.257782871779571906e+03 -4.521674913664202933e+01
8.531788281180125750e+02 -2.551195435303563954e+02
1.122147561214100961e+03 -2.013091483794530916e+02
0.000000000000000000e+00 1.000000000000000000e+03
-2.245942532759738128e+02 8.141423629172650180e+02
2.869055186178868055e+01 7.579412270694447216e+02
-1.932123325114538943e+02 1.112182883894173983e+03
1.797197598806582164e+02 1.215220055532551896e+03
2.493310133029789881e+02 8.603118401498294361e+02
-3.793559097040777317e+01 1.253495422595633045e+03
-1.000000000000000000e+03 0.000000000000000000e+00
-8.248511958178879695e+02 -2.321783906338463055e+02
-1.210595922923236003e+03 -1.786629795095487054e+02
-7.574575350892064307e+02 2.953393923004191990e+01
-1.257504710586106967e+03 4.516695969320044668e+01
-8.517633041405783842e+02 2.481772228548502142e+02
-1.120885945661194910e+03 2.000563625481669021e+02
0.000000000000000000e+00 -1.000000000000000000e+03
2.490340813110638010e+02 -8.426509245101992747e+02
1.800207135594894794e+02 -1.211849580489496930e+03
1.833127838206230820e+01 -7.197561862243336464e+02
-4.509404287730242089e+01 -1.257692498219918889e+03
-2.524138045481219876e+02 -8.520675834927047845e+02
-2.009036788868212966e+02 -1.120946801531619940e+03
2.000000000000000000e+03 0.000000000000000000e+00
1.712325186787277062e+03 -2.255688316983878963e+02
1.949292517575664988e+03 -4.040263120746234904e+02
1.758092477153795926e+03 2.227922893435602347e+01
2.220409063258100105e+03 -2.781657736385001272e+02
2.264940937824128014e+03 1.217221832991000063e+01
2.022901005636987065e+03 2.452094404258619988e+02
0.000000000000000000e+00 2.000000000000000000e+03
3.019748726397239125e+02 1.740654411212138939e+03
1.120723757020302092e-12 1.745628282521671963e+03
3.888436927040805813e+02 1.995749174184361209e+03
-2.654266168243357811e+02 2.269848489623401747e+03
-2.695511398733494843e+02 1.970956450977053009e+03
1.470097338908518125e+01 2.279104059422062164e+03
2.788454224092475329e+02 2.226372287316351049e+03
-2.000000000000000000e+03 0.000000000000000000e+00
-1.712325186787277062e+03 2.255688316983877257e+02
-1.949292517575665897e+03 4.040263120746229788e+02
-1.758092477153795926e+03 -2.227922893435661322e+01
-2.220409063258100105e+03 2.781657736385000135e+02
-2.264940937824128014e+03 -1.217221832991019959e+01
-2.022901005636987065e+03 -2.452094404258623968e+02
0.000000000000000000e+00 -2.000000000000000000e+03
-2.255688316983878963e+02 -1.712325186787277062e+03
-4.040263120746234904e+02 -1.949292517575664988e+03
2.217353424893216030e+01 -1.758317218185472029e+03
-2.781657736385001272e+02 -2.220409063258100105e+03
1.217221832991003083e+01 -2.264940937824128014e+03
2.452094404258619988e+02 -2.022901005636987065e+03
9.876883405952115936e+03 1.564344650397642909e+03
9.413741379249824604e+03 8.932779112941003632e+02
9.723699203978225341e+03 2.334453638552975008e+03
9.281686298197613723e+03 1.862981019420672055e+03
8.978354407498971341e+03 1.302212327038937929e+03
9.510565162954142579e+03 3.090169943741452244e+03
9.171616356661537793e+03 2.425460729511194131e+03
9.238795325116900131e+03 3.826834323641162428e+03
8.786327444180986276e+03 2.855609134985008041e+03
8.910065241889364188e+03 4.539904997384312082e+03
8.576420325493971177e+03 4.088764306853787275e+03
8.462074319507846667e+03 3.512480585282222819e+03
8.526401643548590073e+03 5.224985647146974770e+03
8.380046298293893415e+03 4.548240288757753660e+03
8.090169943758854060e+03 5.877852522911823144e+03
7.683770966481169125e+03 5.298807976101649729e+03
7.874660194180307371e+03 4.750862816848069997e+03
7.604059656011831066e+03 6.494480483288346477e+03
7.228811045347765685e+03 5.749151035153302473e+03
7.071067811878894645e+03 7.071067811852055456e+03
6.882490700411468424e+03 6.265549259424125921e+03
6.494480483314509002e+03 7.604059655989486600e+03
6.558565613988437690e+03 6.766215058556128497e+03
5.877852522936711466e+03 8.090169943740770577e+03
5.735388635244922625e+03 7.423195460774174535e+03
5.981697728245949293e+03 6.848506665974658063e+03
5.224985647170473385e+03 8.526401643534190953e+03
5.307257413765716592e+03 7.837676472666109476e+03
4.539904997404682035e+03 8.910065241878983215e+03
4.613173854048643079e+03 7.930353439924153463e+03
3.826834323658716130e+03 9.238795325109629630e+03
3.877010908226573974e+03 8.367304709936668587e+03
3.090169943755497115e+03 9.510565162949578735e+03
3.395404259564985750e+03 8.853279745804064078e+03
2.334453638562899869e+03 9.723699203975842465e+03
2.848849836324875923e+03 8.831763646725166836e+03
1.564344650404680124e+03 9.876883405951000896e+03
1.666047411844783028e+03 9.306350461236803312e+03
2.135463838140692133e+03 8.932199249345210774e+03
1.138519892287582024e+03 9.404047671358992375e+03
-1.564344650397642909e+03 9.876883405952115936e+03
-8.932779112941061612e+02 9.413741379249824604e+03
-2.334453638552975008e+03 9.723699203978225341e+03
-1.862981019420677967e+03 9.281686298197615542e+03
-1.302212327038942931e+03 8.978354407498971341e+03
-3.090169943741452244e+03 9.510565162954142579e+03
-2.425460729511197314e+03 9.171616356661539612e+03
-3.826834323641162428e+03 9.238795325116900131e+03
-2.855609134985011224e+03 8.786327444180989914e+03
-4.539904997384312082e+03 8.910065241889364188e+03
-4.088764306853793187e+03 8.576420325493971177e+03
-3.512480585282231004e+03 8.462074319507852124e+03
-5.224985647146974770e+03 8.526401643548590073e+03
-4.548240288757759117e+03 8.380046298293893415e+03
-5.877852522911823144e+03 8.090169943758854060e+03
-5.298807976101652457e+03 7.683770966481164578e+03
-4.750862816848073635e+03 7.874660194180306462e+03
-6.494480483288346477e+03 7.604059656011831066e+03
-5.749151035153306111e+03 7.228811045347762047e+03
-7.071067811852055456e+03 7.071067811878894645e+03
-6.265549259424123193e+03 6.882490700411467515e+03
-7.604059655989486600e+03 6.494480483314509002e+03
-6.766215058556126678e+03 6.558565613988434961e+03
-8.090169943740770577e+03 5.877852522936711466e+03
-7.423195460774180901e+03 5.735388635244917168e+03
-6.848506665974660791e+03 5.981697728245945655e+03
-8.526401643534190953e+03 5.224985647170473385e+03
-7.837676472666112204e+03 5.307257413765714773e+03
-8.910065241878983215e+03 4.539904997404682035e+03
-7.930353439924156191e+03 4.613173854048635803e+03
-9.238795325109629630e+03 3.826834323658716130e+03
-8.367304709936674044e+03 3.877010908226573065e+03
-9.510565162949578735e+03 3.090169943755497115e+03
-8.853279745804064078e+03 3.395404259564985296e+03
-9.723699203975842465e+03 2.334453638562899869e+03
-8.831763646725163198e+03 2.848849836324873195e+03
-9.876883405951000896e+03 1.564344650404680124e+03
-9.306350461236801493e+03 1.666047411844779162e+03
-8.932199249345212593e+03 2.135463838140683947e+03
-9.404047671358992375e+03 1.138519892287579069e+03
-9.876883405952115936e+03 -1.564344650397642909e+03
-9.413741379249826423e+03 -8.932779112941001358e+02
-9.723699203978225341e+03 -2.334453638552975008e+03
-9.281686298197615542e+03 -1.862981019420666144e+03
-8.978354407498974979e+03 -1.302212327038932926e+03
-9.510565162954142579e+03 -3.090169943741452244e+03
-9.171616356661539612e+03 -2.425460729511192312e+03
-9.238795325116900131e+03 -3.826834323641162428e+03
-8.786327444180989914e+03 -2.855609134985002129e+03
-8.910065241889364188e+03 -4.539904997384312082e+03
-8.576420325493969358e+03 -4.088764306853795006e+03
-8.462074319507855762e+03 -3.512480585282228731e+03
-8.526401643548590073e+03 -5.224985647146974770e+03
-8.380046298293893415e+03 -4.548240288757761846e+03
-8.090169943758854060e+03 -5.877852522911823144e+03
-7.683770966481169125e+03 -5.298807976101651548e+03
-7.874660194180307371e+03 -4.750862816848074544e+03
-7.604059656011831066e+03 -6.494480483288346477e+03
-7.228811045347764775e+03 -5.749151035153303383e+03
-7.071067811878894645e+03 -7.071067811852055456e+03
-6.882490700411462967e+03 -6.265549259424131378e+03
-6.494480483314509002e+03 -7.604059655989486600e+03
-6.558565613988435871e+03 -6.766215058556135773e+03
-5.877852522936711466e+03 -8.090169943740770577e+03
-5.735388635244921716e+03 -7.423195460774175444e+03
-5.981697728245952021e+03 -6.848506665974656244e+03
-5.224985647170473385e+03 -8.526401643534190953e+03
-5.307257413765716592e+03 -7.837676472666109476e+03
-4.539904997404682035e+03 -8.910065241878983215e+03
-4.613173854048643079e+03 -7.930353439924150734e+03
-3.826834323658716130e+03 -9.238795325109629630e+03
-3.877010908226573974e+03 -8.367304709936668587e+03
-3.090169943755497115e+03 -9.510565162949578735e+03
-3.395404259564985296e+03 -8.853279745804058621e+03
-2.334453638562899869e+03 -9.723699203975842465e+03
-2.848849836324873195e+03 -8.831763646725161379e+03
-1.564344650404680124e+03 -9.876883405951000896e+03
-1.666047411844782118e+03 -9.306350461236796036e+03
-2.135463838140685766e+03 -8.932199249345208955e+03
-1.138519892287580888e+03 -9.404047671358990556e+03
1.564344650397642909e+03 -9.876883405952115936e+03
8.932779112940983168e+02 -9.413741379249826423e+03
2.334453638552975008e+03 -9.723699203978225341e+03
1.862981019420666144e+03 -9.281686298197615542e+03
1.302212327038932244e+03 -8.978354407498974979e+03
3.090169943741452244e+03 -9.510565162954142579e+03
2.425460729511192312e+03 -9.171616356661539612e+03
3.826834323641162428e+03 -9.238795325116900131e+03
2.855609134985002129e+03 -8.786327444180989914e+03
4.539904997384312082e+03 -8.910065241889364188e+03
4.088764306853795006e+03 -8.576420325493969358e+03
3.512480585282228731e+03 -8.462074319507855762e+03
5.224985647146974770e+03 -8.526401643548590073e+03
4.548240288757761846e+03 -8.380046298293893415e+03
5.877852522911823144e+03 -8.090169943758854060e+03
5.298807976101650638e+03 -7.683770966481169125e+03
4.750862816848073635e+03 -7.874660194180306462e+03
6.494480483288346477e+03 -7.604059656011831066e+03
5.749151035153301564e+03 -7.228811045347767504e+03
7.071067811852055456e+03 -7.071067811878894645e+03
6.265549259424120464e+03 -6.882490700411468424e+03
7.604059655989486600e+03 -6.494480483314509002e+03
6.766215058556125769e+03 -6.558565613988440418e+03
8.090169943740770577e+03 -5.877852522936711466e+03
7.423195460774174535e+03 -5.735388635244921716e+03
6.848506665974651696e+03 -5.981697728245952931e+03
8.526401643534190953e+03 -5.224985647170473385e+03
7.837676472666107657e+03 -5.307257413765719321e+03
8.910065241878983215e+03 -4.539904997404682035e+03
7.930353439924147096e+03 -4.613173854048645808e+03
9.238795325109629630e+03 -3.826834323658716130e+03
8.367304709936666768e+03 -3.877010908226575793e+03
9.510565162949578735e+03 -3.090169943755497115e+03
8.853279745804058621e+03 -3.395404259564985750e+03
9.723699203975842465e+03 -2.334453638562899869e+03
8.831763646725159560e+03 -2.848849836324872285e+03
9.876883405951000896e+03 -1.564344650404680124e+03
9.306350461236796036e+03 -1.666047411844782118e+03
8.932199249345208955e+03 -2.135463838140685311e+03
9.404047671358988737e+03 -1.138519892287582024e+03
3.890561977844704415e+03 -3.980209838863507230e+03
3.378112472111499301e+03 -3.620467011831334730e+03
3.865652261003031981e+03 -3.450186185358943931e+03
3.413999318598405807e+03 -4.024335624504107727e+03
4.503212714161729309e+03 -3.720115308817992627e+03
4.398512117453444262e+03 -4.241925396324141730e+03
3.572533128876643786e+03 -4.426573998554646096e+03
3.995622341410153695e+03 -4.399580205031657897e+03
-3.980209838863505865e+03 -3.890561977844704415e+03
-3.620467011831334275e+03 -3.378112472111499301e+03
-3.450186185358943931e+03 -3.865652261003032891e+03
-4.024335624504106818e+03 -3.413999318598408081e+03
-3.720115308817993991e+03 -4.503212714161730219e+03
-4.241925396324143549e+03 -4.398512117453445171e+03
-4.426573998554645186e+03 -3.572533128876644696e+03
-4.399580205031657897e+03 -3.995622341410155968e+03
3.980209838863507230e+03 3.890561977844705780e+03
3.620467011831334275e+03 3.378112472111502029e+03
3.450186185358942566e+03 3.865652261003035164e+03
4.024335624504107727e+03 3.413999318598406717e+03
3.720115308817992627e+03 4.503212714161732947e+03
4.241925396324143549e+03 4.398512117453450628e+03
4.426573998554647005e+03 3.572533128876643786e+03
4.399580205031659716e+03 3.995622341410158242e+03
-3.890561977844704870e+03 3.980209838863507230e+03
-3.378112472111500665e+03 3.620467011831334730e+03
-3.865652261003035164e+03 3.450186185358943931e+03
-3.413999318598408991e+03 4.024335624504110001e+03
-4.503212714161732947e+03 3.720115308817992627e+03
-4.398512117453450628e+03 4.241925396324143549e+03
-3.572533128876644696e+03 4.426573998554647915e+03
-3.995622341410153695e+03 4.399580205031659716e+03
6.001263989538736496e+03 4.991066634467050562e+02
6.580072007580800346e+03 2.450877457792142025e+02
6.132784830368836992e+03 2.073562853439462117e+01
6.419915555694536124e+03 6.962872956198184511e+02
6.061938534635010910e+03 1.056566088596905956e+03
5.651979346688586702e+03 8.181362064952335231e+02
5.579595273119851299e+03 2.731813499834520940e+02
-4.991066634467058520e+02 6.001263989538737405e+03
-2.450877457792131793e+02 6.580072007580798527e+03
-2.073562853439152676e+01 6.132784830368832445e+03
-6.962872956198199290e+02 6.419915555694535215e+03
-1.056566088596908003e+03 6.061938534635012729e+03
-8.181362064952348874e+02 5.651979346688588521e+03
-2.731813499834526624e+02 5.579595273119851299e+03
-6.001263989538736496e+03 -4.991066634467031236e+02
-6.580072007580794889e+03 -2.450877457792111045e+02
-6.132784830368832445e+03 -2.073562853439000264e+01
-6.419915555694534305e+03 -6.962872956198146994e+02
-6.061938534635010910e+03 -1.056566088596903910e+03
-5.651979346688586702e+03 -8.181362064952310220e+02
-5.579595273119850390e+03 -2.731813499834505024e+02
4.991066634467034646e+02 -6.001263989538736496e+03
2.450877457792151972e+02 -6.580072007580799436e+03
2.073562853439113951e+01 -6.132784830368835173e+03
6.962872956198167458e+02 -6.419915555694531577e+03
1.056566088596903910e+03 -6.061938534635010910e+03
8.181362064952315905e+02 -5.651979346688586702e+03
2.731813499834498202e+02 -5.579595273119851299e+03
-2.286755605112798094e+03 2.297056460755819899e+03
-1.802235148781171802e+03 2.381118658353461797e+03
-1.985919357177106122e+03 2.036345908923727848e+03
-2.076598177594928984e+03 2.680244415838710211e+03
-2.320671870118319930e+03 1.850112546123857101e+03
-2.641598981377445853e+03 2.084005458938147967e+03
-2.538213413513776231e+03 2.571233914091505994e+03
2.297056460755818989e+03 2.286755605112797184e+03
2.381118658353461797e+03 1.802235148781171119e+03
2.036345908923727166e+03 1.985919357177102029e+03
2.680244415838710211e+03 2.076598177594928075e+03
1.850112546123857101e+03 2.320671870118318111e+03
2.084005458938147058e+03 2.641598981377443579e+03
2.571233914091505994e+03 2.538213413513776231e+03
2.286755605112797184e+03 -2.297056460755818989e+03
1.802235148781169983e+03 -2.381118658353464070e+03
1.985919357177101119e+03 -2.036345908923727848e+03
2.076598177594928075e+03 -2.680244415838711120e+03
2.320671870118317202e+03 -1.850112546123857101e+03
2.641598981377443579e+03 -2.084005458938147058e+03
2.538213413513775322e+03 -2.571233914091505085e+03
-2.297056460755818989e+03 -2.286755605112795820e+03
-2.381118658353463161e+03 -1.802235148781169073e+03
-2.036345908923727848e+03 -1.985919357177101119e+03
-2.680244415838711120e+03 -2.076598177594926710e+03
-1.850112546123857101e+03 -2.320671870118318111e+03
-2.084005458938147058e+03 -2.641598981377443579e+03
-2.571233914091505994e+03 -2.538213413513775322e+03
9.058058152645993459e+02 4.133953240402533993e+03
7.074945346897942500e+02 4.552860983101730199e+03
5.863143393083034880e+02 4.011230589973271890e+03
1.157713170088705056e+03 4.350293018068006859e+03
1.007910434724151969e+03 3.727469262665000770e+03
1.272350357935433067e+03 3.999961537596660946e+03
-4.133953240402532174e+03 9.058058152645985501e+02
-4.552860983101729289e+03 7.074945346897953868e+02
-4.011230589973269616e+03 5.863143393083011006e+02
-4.350293018068002311e+03 1.157713170088705056e+03
-3.727469262665000315e+03 1.007910434724144011e+03
-3.999961537596660037e+03 1.272350357935430111e+03
-9.058058152645992323e+02 -4.133953240402533083e+03
-7.074945346897960690e+02 -4.552860983101729289e+03
-5.863143393083040564e+02 -4.011230589973271890e+03
-1.157713170088700053e+03 -4.350293018068002311e+03
-1.007910434724152992e+03 -3.727469262665000770e+03
-1.272350357935433067e+03 -3.999961537596660946e+03
4.133953240402533993e+03 -9.058058152645992323e+02
4.552860983101730199e+03 -7.074945346897933405e+02
4.011230589973270980e+03 -5.863143393083026922e+02
4.350293018068006859e+03 -1.157713170088703009e+03
3.727469262665000770e+03 -1.007910434724151969e+03
3.999961537596661856e+03 -1.272350357935431930e+03
-2.674241454187505951e+03 -6.473704609260220423e+03
-2.711309348618037802e+03 -5.957883445758551716e+03
-2.252403585418250259e+03 -6.221671956508688709e+03
-3.108961838901871943e+03 -6.222368867735865933e+03
-3.229494920019561050e+03 -6.774171203219248127e+03
-2.590558188592704937e+03 -7.057480116678990271e+03
-2.046163733957936984e+03 -6.762237886226140290e+03
2.674241454187504132e+03 6.473704609260223151e+03
2.711309348618032800e+03 5.957883445758553535e+03
2.252403585418247985e+03 6.221671956508689618e+03
3.108961838901869214e+03 6.222368867735866843e+03
3.229494920019561960e+03 6.774171203219251765e+03
2.590558188592700844e+03 7.057480116678993909e+03
2.046163733957936074e+03 6.762237886226140290e+03
-6.473704609260224970e+03 2.674241454187503223e+03
-5.957883445758557173e+03 2.711309348618035074e+03
-6.221671956508689618e+03 2.252403585418247985e+03
-6.222368867735870481e+03 3.108961838901866940e+03
-6.774171203219252675e+03 3.229494920019556957e+03
-7.057480116678997547e+03 2.590558188592698116e+03
-6.762237886226139381e+03 2.046163733957933800e+03
6.473704609260220423e+03 -2.674241454187506861e+03
5.957883445758552625e+03 -2.711309348618036893e+03
6.221671956508688709e+03 -2.252403585418250259e+03
6.222368867735865933e+03 -3.108961838901871033e+03
6.774171203219247218e+03 -3.229494920019562869e+03
7.057480116678991180e+03 -2.590558188592705847e+03
6.762237886226140290e+03 -2.046163733957938803e+03
9.543591957574827802e+02 -3.649984056546039028e+03
1.172666024655104138e+03 -4.076991415077451165e+03
1.328802991566187984e+03 -3.707922778590595954e+03
7.902910077404425238e+02 -4.014520533760346098e+03
5.658620923940600278e+02 -3.760585844445584371e+03
7.362811117165621226e+02 -3.381471755978199781e+03
1.164961672726458119e+03 -3.321599896822764094e+03
3.649984056546039028e+03 9.543591957574827802e+02
4.076991415077449801e+03 1.172666024655104138e+03
3.707922778590595044e+03 1.328802991566187984e+03
4.014520533760346098e+03 7.902910077404421827e+02
3.760585844445584826e+03 5.658620923940593457e+02
3.381471755978201145e+03 7.362811117165614405e+02
3.321599896822764094e+03 1.164961672726456982e+03
-3.649984056546037664e+03 -9.543591957574827802e+02
-4.076991415077449801e+03 -1.172666024655104138e+03
-3.707922778590595044e+03 -1.328802991566190030e+03
-4.014520533760346098e+03 -7.902910077404424101e+02
-3.760585844445584371e+03 -5.658620923940588909e+02
-3.381471755978196143e+03 -7.362811117165633732e+02
-3.321599896822764094e+03 -1.164961672726458119e+03
-9.543591957574828939e+02 3.649984056546039028e+03
-1.172666024655104138e+03 4.076991415077448892e+03
-1.328802991566187984e+03 3.707922778590595044e+03
-7.902910077404427511e+02 4.014520533760346098e+03
-5.658620923940599141e+02 3.760585844445584371e+03
-7.362811117165620090e+02 3.381471755978201145e+03
-1.164961672726458119e+03 3.321599896822764094e+03
-6.637313086607083278e+03 -3.143651225321533275e+03
-7.057748862162133264e+03 -3.753608085170511004e+03
-7.284784418145602103e+03 -3.042560417389770009e+03
-6.386517515659597848e+03 -3.685783622837031089e+03
-6.275176878236427910e+03 -2.552442944277321203e+03
-6.834908875356586577e+03 -2.656551278387943057e+03
-6.058113238302405989e+03 -3.190576628499352864e+03
3.143651225321529637e+03 -6.637313086607080550e+03
3.753608085170508730e+03 -7.057748862162132355e+03
3.042560417389770009e+03 -7.284784418145601194e+03
3.685783622837026087e+03 -6.386517515659595119e+03
2.552442944277318929e+03 -6.275176878236427910e+03
2.656551278387940783e+03 -6.834908875356582030e+03
3.190576628499347862e+03 -6.058113238302406899e+03
6.637313086607080550e+03 3.143651225321528727e+03
7.057748862162132355e+03 3.753608085170506001e+03
7.284784418145600284e+03 3.042560417389765462e+03
6.386517515659590572e+03 3.685783622837025177e+03
6.275176878236426091e+03 2.552442944277314837e+03
6.834908875356582030e+03 2.656551278387937145e+03
6.058113238302404170e+03 3.190576628499344679e+03
-3.143651225321531911e+03 6.637313086607083278e+03
-3.753608085170510094e+03 7.057748862162133264e+03
-3.042560417389770009e+03 7.284784418145602103e+03
-3.685783622837028815e+03 6.386517515659595119e+03
-2.552442944277321203e+03 6.275176878236427910e+03
-2.656551278387941693e+03 6.834908875356584758e+03
-3.190576628499344679e+03 6.058113238302406899e+03
-1.340573710402836014e+03 1.384689174243398838e+03
-1.611345422988333894e+03 1.581797290658822931e+03
-1.223596479714253064e+03 1.657100551651015166e+03
-1.539385252819865173e+03 1.155280944654397899e+03
-1.100022764667901129e+03 1.372327854478924110e+03
-1.206679609493163980e+03 1.110748931083533080e+03
1.384689174243398838e+03 1.340573710402836014e+03
1.581797290658822931e+03 1.611345422988333212e+03
1.657100551651014030e+03 1.223596479714252155e+03
1.155280944654399036e+03 1.539385252819865173e+03
1.373873774673725848e+03 1.107796792311143918e+03
1.110326673407786075e+03 1.208046664622399931e+03
-1.384689174243398156e+03 -1.340573710402836014e+03
-1.581797290658822931e+03 -1.611345422988333212e+03
-1.657100551651014030e+03 -1.223596479714252155e+03
-1.155280944654399036e+03 -1.539385252819865173e+03
-1.373958226208874976e+03 -1.107523381285297091e+03
-1.110748931083533080e+03 -1.206679609493163980e+03
1.325745931754173853e+03 -1.410661655773536040e+03
1.613231575585450855e+03 -1.590534378284721925e+03
1.275328358166990029e+03 -1.702030560798974193e+03
1.522792503807826051e+03 -1.164870419997223053e+03
1.062071681874346041e+03 -1.470768985659222835e+03
1.163278383627616904e+03 -1.187487983219931948e+03
-4.761560038751826141e+03 -6.041757517388423366e+03
-5.147468828961296822e+03 -5.236348435486608651e+03
-5.527401294761221834e+03 -5.852090058457515624e+03
-4.607782736770133852e+03 -5.370315254529035883e+03
-4.276744258381465443e+03 -6.695471454001484744e+03
-4.129223920937070943e+03 -6.187048125523152521e+03
-4.817570604965424536e+03 -6.745467039882549216e+03
-5.376701200362394957e+03 -6.598398523782524535e+03
-4.300051752173782916e+03 -5.692322375593365905e+03
4.761560038751824322e+03 6.041757517388428823e+03
5.147468828961295912e+03 5.236348435486613198e+03
5.527401294761220925e+03 5.852090058457521081e+03
4.607782736770132033e+03 5.370315254529040430e+03
4.276744258381464533e+03 6.695471454001487473e+03
4.129223920937070943e+03 6.187048125523157069e+03
4.817570604965419079e+03 6.745467039882547397e+03
5.376701200362392228e+03 6.598398523782528173e+03
4.300051752173776549e+03 5.692322375593373181e+03
6.041757517388419728e+03 -4.761560038751828870e+03
5.236348435486605922e+03 -5.147468828961296822e+03
5.852090058457511077e+03 -5.527401294761223653e+03
5.370315254529034064e+03 -4.607782736770133852e+03
6.695471454001485654e+03 -4.276744258381469081e+03
6.187048125523152521e+03 -4.129223920937075491e+03
6.745467039882545578e+03 -4.817570604965431812e+03
6.598398523782518168e+03 -5.376701200362396776e+03
5.692322375593365905e+03 -4.300051752173783825e+03
-6.041757517388426095e+03 4.761560038751821594e+03
-5.236348435486614108e+03 5.147468828961295003e+03
-5.852090058457520172e+03 5.527401294761216377e+03
-5.370315254529040430e+03 4.607782736770131123e+03
-6.695471454001490201e+03 4.276744258381459986e+03
-6.187048125523156159e+03 4.129223920937070034e+03
-6.745467039882551944e+03 4.817570604965418170e+03
-6.598398523782529082e+03 5.376701200362388590e+03
-5.692322375593368633e+03 4.300051752173776549e+03
-2.539502518464353670e+03 1.102250915183034977e+03
-2.143616303798266017e+03 1.197812916320101976e+03
-2.384989525266590135e+03 1.464582184110015078e+03
-2.299532497444514775e+03 9.302015202199156647e+02
-2.507173133364482965e+03 7.697534526760141489e+02
-2.825091823469759674e+03 1.016779711450202967e+03
-2.714456710461942293e+03 1.358598805143107938e+03
1.102250915183034977e+03 2.539502518464350942e+03
1.197812916320101976e+03 2.143616303798266017e+03
1.464582184110013941e+03 2.384989525266587862e+03
9.271279089028120097e+02 2.295459443322954940e+03
7.598372084684151559e+02 2.498675160367369699e+03
1.015127004082268968e+03 2.823675494636906024e+03
1.358323353915117877e+03 2.714220655656462895e+03
-1.102250915183034977e+03 -2.539502518464350942e+03
-1.197812916320100840e+03 -2.143616303798266017e+03
-1.464582184110013941e+03 -2.384989525266587862e+03
-9.302015202199147552e+02 -2.299532497444514775e+03
-7.697534526760135805e+02 -2.507173133364482055e+03
-1.016779711450201944e+03 -2.825091823469759220e+03
-1.358598805143106119e+03 -2.714456710461938655e+03
2.539502518464350942e+03 -1.102250915183034977e+03
2.143641816188709981e+03 -1.197777943455796049e+03
2.384993777331661931e+03 -1.464576355299295983e+03
2.299540307359955932e+03 -9.301908142410457003e+02
2.507173133364480691e+03 -7.697534526760133531e+02
2.825091823469759220e+03 -1.016779711450201944e+03
2.714457419139450849e+03 -1.358597833674652975e+03
-4.857563351748058267e+03 -2.380522056094475829e+03
-4.365532634723595038e+03 -2.172797329012405044e+03
-4.676912971425227624e+03 -1.844613338298906001e+03
-4.438746955151409566e+03 -2.623056808907552750e+03
-4.758454161291604578e+03 -2.959039053904245065e+03
-5.234589519897200262e+03 -2.865541815391839918e+03
-5.071837858747886457e+03 -2.002275327373221899e+03
-5.364984311392440759e+03 -2.389663383593211165e+03
-2.380522056094477648e+03 4.857563351748058267e+03
-2.172797329012405044e+03 4.365532634723595038e+03
-1.844613338298906001e+03 4.676912971425228534e+03
-2.623056808907555023e+03 4.438746955151409566e+03
-2.959039053904248249e+03 4.758454161291604578e+03
-2.865541815391848104e+03 5.234589519897203900e+03
-2.002275327373223035e+03 5.071837858747889186e+03
-2.389663383593213894e+03 5.364984311392443487e+03
2.380522056094477193e+03 -4.857563351748058267e+03
2.172797329012404134e+03 -4.365532634723595038e+03
1.844613338298904864e+03 -4.676912971425228534e+03
2.623056808907552750e+03 -4.438746955151407747e+03
2.959039053904245065e+03 -4.758454161291604578e+03
2.865541815391849013e+03 -5.234589519897203900e+03
2.002275327373220989e+03 -5.071837858747885548e+03
2.389663383593212075e+03 -5.364984311392443487e+03
4.857563351748054629e+03 2.380522056094477193e+03
4.365532634723593219e+03 2.172797329012404134e+03
4.676912971425227624e+03 1.844613338298904864e+03
4.438746955151406837e+03 2.623056808907552750e+03
4.758454161291600940e+03 2.959039053904248249e+03
5.234589519897198443e+03 2.865541815391843102e+03
5.071837858747885548e+03 2.002275327373221899e+03
5.364984311392440759e+03 2.389663383593209801e+03
7.719590369719085174e+03 -7.766572498683096910e+02
7.758873306524343207e+03 -1.684697386711633044e+03
7.310052003514660100e+03 -1.258442824507542127e+03
8.208398504349683208e+03 -1.165850320590104047e+03
7.847525411258337954e+03 -7.176026871411646191e+00
7.314197317457037570e+03 -2.858408878740283967e+02
8.395654621976671478e+03 -5.087624109786550548e+02
6.983760479977440809e+03 -7.445617635141014716e+02
-7.766572498683063941e+02 -7.719590369719085174e+03
-1.684697386711630998e+03 -7.758873306524343207e+03
-1.258442824507539171e+03 -7.310052003514660100e+03
-1.165850320590102001e+03 -8.208398504349685027e+03
-7.176026871411205654e+00 -7.847525411258337044e+03
-2.858408878740270893e+02 -7.314197317457033932e+03
-5.087624109786514168e+02 -8.395654621976673297e+03
-7.445617635140982884e+02 -6.983760479977438081e+03
7.766572498683092363e+02 7.719590369719087903e+03
1.684697386711633044e+03 7.758873306524343207e+03
1.258442824507543037e+03 7.310052003514657372e+03
1.165850320590104047e+03 8.208398504349686846e+03
7.176026871409263208e+00 7.847525411258341592e+03
2.858408878740282830e+02 7.314197317457037570e+03
5.087624109786516442e+02 8.395654621976673297e+03
7.445617635141026085e+02 6.983760479977440809e+03
-7.719590369719085174e+03 7.766572498683067352e+02
-7.758873306524344116e+03 1.684697386711629179e+03
-7.310052003514655553e+03 1.258442824507539854e+03
-8.208398504349683208e+03 1.165850320590102001e+03
-7.847525411258337044e+03 7.176026871409691310e+00
-7.314197317457033932e+03 2.858408878740270893e+02
-8.395654621976673297e+03 5.087624109786491999e+02
-6.983760479977438081e+03 7.445617635141003348e+02
0.000000000000000000e+00 0.000000000000000000e+00
3.197391672940443641e+02 3.339614452195081018e+00
1.623383493979433752e+02 -2.346931372822870117e+02
2.396702822940418116e+02 2.304650522150171241e+02
-1.802608327059556927e+02 -2.641028593535739901e+02
-3.127071429001442198e+02 1.986614579574464301e+01
1.903087377684721204e+01 3.345618017370066468e+02
-1.762192667905888754e+02 2.010497435009797869e+02
2.423893083355972976e+03 3.833758843349419294e+03
2.973290920533657300e+03 3.781611666904534104e+03
2.715629317736418216e+03 3.386725025198986259e+03
2.717945362415006912e+03 4.182939903282729574e+03
2.064944612687599147e+03 4.276260214594523859e+03
2.034431148097823780e+03 3.841204371553261808e+03
2.212174299001771942e+03 3.385558006107363326e+03
-3.833758843349420204e+03 2.423893083355972067e+03
-3.781611666904535014e+03 2.973290920533657300e+03
-3.386725025198987169e+03 2.715629317736418216e+03
-4.182939903282733212e+03 2.717945362415007821e+03
-4.276260214594527497e+03 2.064944612687595964e+03
-3.841204371553264991e+03 2.034431148097821051e+03
-3.385558006107363326e+03 2.212174299001772852e+03
-2.423893083355972067e+03 -3.833758843349419294e+03
-2.973290920533657300e+03 -3.781611666904533195e+03
-2.715629317736418216e+03 -3.386725025198984895e+03
-2.717945362415010095e+03 -4.182939903282729574e+03
-2.064944612687599147e+03 -4.276260214594524768e+03
-2.034431148097823780e+03 -3.841204371553264082e+03
-2.212174299001771942e+03 -3.385558006107361052e+03
3.833758843349419294e+03 -2.423893083355972067e+03
3.781611666904533195e+03 -2.973290920533657300e+03
3.386725025198984895e+03 -2.715629317736418216e+03
4.182939903282730484e+03 -2.717945362415010095e+03
4.276260214594525678e+03 -2.064944612687595964e+03
3.841204371553262717e+03 -2.034431148097821961e+03
3.385558006107361052e+03 -2.212174299001771942e+03
2.503689961077157022e+03 1.097749685727043016e+03
2.903352367253563898e+03 1.236527418804382023e+03
2.665582344861727051e+03 1.554305580675514875e+03
2.747379341326814938e+03 9.059096243106523616e+02
2.455800620055792024e+03 6.897318182090239134e+02
2.145357528504948277e+03 9.332757921645768420e+02
2.254076557395869713e+03 1.389314399191564007e+03
-2.503689961077156113e+03 -1.097749685727042106e+03
-2.903352367253563898e+03 -1.236527418804382933e+03
-2.665582344861727961e+03 -1.554305580675513966e+03
-2.747379341326814028e+03 -9.059096243106529300e+02
-2.455800620055792024e+03 -6.897318182090243681e+02
-2.145357528504946913e+03 -9.332757921645775241e+02
-2.254076557395869713e+03 -1.389314399191564007e+03
1.097749685727043016e+03 -2.503689961077157022e+03
1.236527418804382933e+03 -2.903352367253564807e+03
1.554306540418990153e+03 -2.665585671289479706e+03
9.059096243106524753e+02 -2.747379341326814938e+03
6.897318182090239134e+02 -2.455800620055792024e+03
9.332757921645768420e+02 -2.145357528504948277e+03
1.389332833944245067e+03 -2.254140451420129921e+03
-1.097749685727042106e+03 2.503689961077157022e+03
-1.236527418804382023e+03 2.903352367253564807e+03
-1.554305580675517149e+03 2.665582344861726142e+03
-9.074304237289148887e+02 2.743847953006343232e+03
-6.962495300015782504e+02 2.440666098682338088e+03
-9.332757921645778652e+02 2.145357528504946913e+03
-1.389314399191564917e+03 2.254076557395869713e+03
7.799846380136351399e+03 1.489199262590585931e+03
7.861316980796375901e+03 7.328822269187990059e+02
7.254362887298239912e+03 9.838657659715827322e+02
8.339995160399141241e+03 1.147399412493813088e+03
7.868916909728835890e+03 2.219719480006534013e+03
8.313504322916480305e+03 1.728000366741445987e+03
7.467853368621711525e+03 1.938196311251308998e+03
7.055681309998781217e+03 1.584948342861059928e+03
-7.799846380136350490e+03 -1.489199262590583885e+03
-7.861316980796373173e+03 -7.328822269187984375e+02
-7.254362887298234455e+03 -9.838657659715818227e+02
-8.339995160399143060e+03 -1.147399412493808995e+03
-7.868916909728837709e+03 -2.219719480006530830e+03
-8.313504322916480305e+03 -1.728000366741440075e+03
-7.467853368621710615e+03 -1.938196311251306952e+03
-7.055681309998780307e+03 -1.584948342861059928e+03
1.489199262590583885e+03 -7.799846380136350490e+03
7.328822269187970733e+02 -7.861316980796377720e+03
9.838657659715802311e+02 -7.254362887298242640e+03
1.147399412493808086e+03 -8.339995160399144879e+03
2.219719480006530830e+03 -7.868916909728837709e+03
1.728000366741437801e+03 -8.313504322916482124e+03
1.938196311251307861e+03 -7.467853368621710615e+03
1.584948342861059928e+03 -7.055681309998782126e+03
-1.489199262590590024e+03 7.799846380136350490e+03
-7.328822269188025302e+02 7.861316980796377720e+03
-9.838657659715853470e+02 7.254362887298241731e+03
-1.147399412493816953e+03 8.339995160399143060e+03
-2.219719480006539015e+03 7.868916909728836799e+03
-1.728000366741447124e+03 8.313504322916485762e+03
-1.938196311251318093e+03 7.467853368621713344e+03
-1.584948342861066067e+03 7.055681309998782126e+03
8.040429363208421876e+01 3.155747525390399915e+03
-3.505106640221516159e+02 3.405702873096740859e+03
-2.966098786983922082e+02 2.984074099052269048e+03
3.221366161272464268e+01 3.568849511690024883e+03
4.646802759292401674e+02 3.266931000340189257e+03
2.931279900024783274e+02 2.822629131731547204e+03
-4.068618018446449014e+01 2.763880094550796912e+03
3.155747525390399915e+03 -8.040429363208428981e+01
3.405702873096740859e+03 3.505106640221512748e+02
2.984074099052269048e+03 2.966098786983922082e+02
3.568849511690024883e+03 -3.221366161272467110e+01
3.266931000340189257e+03 -4.646802759292399401e+02
2.822629131731547204e+03 -2.931279900024782137e+02
2.763880094550797821e+03 4.068618018446423434e+01
-8.040429363208423297e+01 -3.155747525390399915e+03
3.505106640221514454e+02 -3.405702873096740859e+03
2.966098786983920945e+02 -2.984074099052269048e+03
-3.221366161272462136e+01 -3.568849511690024883e+03
-4.646802759292403380e+02 -3.266931000340190167e+03
-2.931279900024782137e+02 -2.822629131731547204e+03
4.068618018446426277e+01 -2.763880094550796912e+03
-3.155747525390399005e+03 8.040429363208313873e+01
-3.405702873096739950e+03 -3.505106640221526959e+02
-2.984074099052268139e+03 -2.966098786983931177e+02
-3.568849511690023519e+03 3.221366161272364792e+01
-3.266931000340189257e+03 4.646802759292382348e+02
-2.822629131731545840e+03 2.931279900024774179e+02
-2.763880094550796912e+03 -4.068618018446486673e+01
5.725908312814216515e+03 -1.152838223859595018e+03
6.204885501213189855e+03 -1.630960372801434914e+03
6.361988243494231938e+03 -1.020711507366119008e+03
5.644615958478989342e+03 -1.653638668891240059e+03
5.217086450303057063e+03 -1.430691496406779834e+03
5.101256611355652240e+03 -9.737877551263044325e+02
5.985657487130373738e+03 -6.623150820490636761e+02
5.461006542920742504e+03 -6.561616658457725180e+02
-5.725908312814215606e+03 1.152838223859592972e+03
-6.204885501213189855e+03 1.630960372801434005e+03
-6.361988243494230119e+03 1.020711507366116962e+03
-5.644615958478989342e+03 1.653638668891240059e+03
-5.217086450303055244e+03 1.430691496406779152e+03
-5.101256611355650421e+03 9.737877551263028408e+02
-5.985657487130372829e+03 6.623150820490593560e+02
-5.461006542920742504e+03 6.561616658457702442e+02
1.152838223859592972e+03 5.725908312814215606e+03
1.630960372801434005e+03 6.204885501213190764e+03
1.020711507366117985e+03 6.361988243494231938e+03
1.653638668891239149e+03 5.644615958478986613e+03
1.430691496406779834e+03 5.217086450303054335e+03
9.737877551263031819e+02 5.101256611355650421e+03
6.623150820490594697e+02 5.985657487130373738e+03
6.561616658457695621e+02 5.461006542920740685e+03
-1.152838223859593882e+03 -5.725908312814215606e+03
-1.630960372801434914e+03 -6.204885501213188945e+03
-1.020711507366117985e+03 -6.361988243494230119e+03
-1.653638668891240059e+03 -5.644615958478989342e+03
-1.430691496406779834e+03 -5.217086450303055244e+03
-9.737877551263040914e+02 -5.101256611355648602e+03
-6.623150820490619708e+02 -5.985657487130373738e+03
-6.561616658457722906e+02 -5.461006542920738866e+03
-5.568933011166947836e+03 -4.715925547412970445e+03
-5.748937111029660628e+03 -5.301925391206675158e+03
-5.077647815504224127e+03 -4.622796664091855746e+03
-6.189539606971254216e+03 -4.905923232231009933e+03
-5.973226127746263046e+03 -4.222781251496438927e+03
-5.269746689572235482e+03 -4.033466000747785074e+03
-4.715925547412974083e+03 5.568933011166947836e+03
-5.301925391206679706e+03 5.748937111029657899e+03
-4.622796664091858474e+03 5.077647815504224127e+03
-4.905923232231011752e+03 6.189539606971255125e+03
-4.222781251496437108e+03 5.973226127746263046e+03
-4.033466000747787803e+03 5.269746689572239120e+03
5.568933011166947836e+03 4.715925547412972264e+03
5.748937111029661537e+03 5.301925391206679706e+03
5.077647815504224127e+03 4.622796664091857565e+03
6.189539606971256944e+03 4.905923232231009933e+03
5.973226127746263046e+03 4.222781251496437108e+03
5.269746689572236392e+03 4.033466000747786893e+03
4.715925547412969536e+03 -5.568933011166947836e+03
5.301925391206673339e+03 -5.748937111029661537e+03
4.622796664091853927e+03 -5.077647815504224127e+03
4.905923232231006295e+03 -6.189539606971254216e+03
4.222781251496435289e+03 -5.973226127746263046e+03
4.033466000747784165e+03 -5.269746689572236392e+03
2.255639626457623763e+03 -3.609847609967762764e+03
2.857280521314356974e+03 -3.421059003362815929e+03
2.570668847177379121e+03 -3.971832425455987959e+03
2.402109006270118243e+03 -3.229378658699664356e+03
1.992347855522436021e+03 -3.949806033826452676e+03
1.902557119569800989e+03 -3.337329944677081130e+03
1.759857524488888203e+03 -3.662671073674215677e+03
-3.609847609967762764e+03 -2.255639626457623763e+03
-3.421059003362815019e+03 -2.857280521314356065e+03
-3.971832425455988869e+03 -2.570668847177379121e+03
-3.229378658699664811e+03 -2.402109006270116879e+03
-3.949806033826452676e+03 -1.992347855522436930e+03
-3.337329944677082040e+03 -1.902557119569802126e+03
-3.662671073674215677e+03 -1.759857524488888885e+03
-2.255639626457623308e+03 3.609847609967762764e+03
-2.857280521314358339e+03 3.421059003362815019e+03
-2.570668847177379575e+03 3.971832425455988869e+03
-2.402109006270118243e+03 3.229378658699664811e+03
-1.992347855522436021e+03 3.949806033826451767e+03
-1.902557119569799852e+03 3.337329944677082040e+03
-1.759857524488888203e+03 3.662671073674215222e+03
3.609847609967762764e+03 2.255639626457623308e+03
3.421059003362815019e+03 2.857280521314358339e+03
3.971832425455988869e+03 2.570668847177379121e+03
3.229378658699664356e+03 2.402109006270118243e+03
3.949806033826452676e+03 1.992347855522433974e+03
3.337329944677081130e+03 1.902557119569798033e+03
3.662671073674215677e+03 1.759857524488887066e+03
-5.153472800682312482e+03 3.081647230507402583e+03
-5.185005050679151282e+03 2.471077965658902940e+03
-4.712100750649281508e+03 2.919889917732311915e+03
-5.528637920808906529e+03 2.741022794004656134e+03
-4.691038872749192706e+03 3.334361954090582003e+03
-5.035441425332507606e+03 3.558527301651179641e+03
-5.637179966839172266e+03 3.241736407712604887e+03
-3.081647230507404856e+03 -5.153472800682310663e+03
-2.471077965658902940e+03 -5.185005050679150372e+03
-2.919889917732312824e+03 -4.712100750649277870e+03
-2.741022794004657953e+03 -5.528637920808904710e+03
-3.334361954090582913e+03 -4.691038872749191796e+03
-3.558527301651184644e+03 -5.035441425332508516e+03
-3.241736407712609889e+03 -5.637179966839168628e+03
3.081647230507401218e+03 5.153472800682312482e+03
2.471077965658899757e+03 5.185005050679147644e+03
2.919889917732310096e+03 4.712100750649281508e+03
2.741022794004653861e+03 5.528637920808904710e+03
3.334361954090580184e+03 4.691038872749194525e+03
3.558527301651179641e+03 5.035441425332507606e+03
3.241736407712603068e+03 5.637179966839170447e+03
5.153472800682310663e+03 -3.081647230507402583e+03
5.185005050679150372e+03 -2.471077965658902031e+03
4.712100750649277870e+03 -2.919889917732312824e+03
5.528637920808904710e+03 -2.741022794004656134e+03
4.691038872749189977e+03 -3.334361954090581094e+03
5.035441425332503968e+03 -3.558527301651179187e+03
5.637179966839168628e+03 -3.241736407712605796e+03
-4.717857363922540571e+03 -2.470151933413336280e+02
-4.385738712037149526e+03 2.007161291275745896e+02
-4.229940454051126835e+03 -3.796632463365300509e+02
-4.829505881059786589e+03 1.769153707224939183e+02
-4.780156027891212943e+03 -6.856275381962210531e+02
-5.093909931430723191e+03 -2.864827783770786027e+02
2.470151933413319227e+02 -4.717857363922540571e+03
-2.007161291275753854e+02 -4.385738712037148616e+03
3.796632463365304488e+02 -4.229940454051126835e+03
-1.769153707224955099e+02 -4.829505881059785679e+03
6.856275381962209394e+02 -4.780156027891213853e+03
2.864827783770762721e+02 -5.093909931430725010e+03
-2.470151933413341965e+02 4.717857363922540571e+03
2.007161291275744759e+02 4.385738712037148616e+03
-3.796632463365307899e+02 4.229940454051126835e+03
1.769153707224930088e+02 4.829505881059785679e+03
-6.856275381962221900e+02 4.780156027891213853e+03
-2.864827783770812175e+02 5.093909931430725010e+03
4.717857363922540571e+03 2.470151933413336280e+02
4.385738712037148616e+03 -2.007161291275739927e+02
4.229940454051125016e+03 3.796632463365306762e+02
4.829505881059786589e+03 -1.769153707224936056e+02
4.780156027891212943e+03 6.856275381962207121e+02
5.093909931430725010e+03 2.864827783770793985e+02
-7.667653145720919383e+02 7.584456068766430690e+02
-5.965823912814312280e+02 4.522345086797199656e+02
-5.015141951831451479e+02 7.597058543062004219e+02
-8.593131675759926793e+02 5.130925895623621500e+02
-6.927906837395056527e+02 9.972937656543775802e+02
-9.507038375967209731e+02 9.422644802716265531e+02
-1.007817145932819017e+03 6.823957472579293153e+02
7.584456068766426142e+02 7.667653145720913699e+02
4.817449638401209882e+02 6.004815041638880757e+02
7.584608902225116935e+02 5.059899065466270827e+02
5.203448934554306788e+02 8.688088321362536135e+02
1.000998760793653901e+03 6.933812752072778949e+02
9.427114438195785624e+02 9.509832631076661755e+02
6.864718176478889973e+02 1.010459960948018988e+03
7.674424738057691684e+02 -7.674424738057691684e+02
6.019726530268777651e+02 -4.701911928368172084e+02
5.061967815999902314e+02 -7.560915084537897428e+02
8.651079095265760088e+02 -5.238873849811021728e+02
6.901519768165145479e+02 -1.006834017870634057e+03
1.025044741111563098e+03 -7.023430635942662548e+02
9.554497840089431975e+02 -9.618276025189150005e+02
-7.584456068766426142e+02 -7.667653145720913699e+02
-4.818905805326210157e+02 -5.987123467463167117e+02
-7.582563163212865902e+02 -5.052518216594966134e+02
-5.198711202715967374e+02 -8.598000145393948515e+02
-1.000964665143450020e+03 -6.932582610594229209e+02
-9.424874454981247709e+02 -9.507322375797087943e+02
-6.823957472579293153e+02 -1.007817145932817880e+03
1.540852294153118919e+03 5.634402265675325907e+02
1.732327470677947076e+03 3.421798560545763053e+02
1.793438596360308793e+03 6.864778889387738445e+02
1.405798219304575014e+03 3.516460414232037124e+02
1.517243974831515061e+03 8.649534099090224117e+02
1.273830706470356063e+03 6.218816447332276311e+02
1.500000000000000000e+03 -5.704717354531879892e+02
1.387635763075865043e+03 -2.940859755690835300e+02
1.254902946888850011e+03 -6.089648508566153851e+02
1.684229348501866070e+03 -4.518782837458863924e+02
1.807407164048026971e+03 -6.991795014189610811e+02
1.520972272464666048e+03 -8.291396680790311393e+02
5.686365220326922554e+02 1.542987986782961116e+03
6.803240887278542459e+02 1.831404878597661082e+03
3.481248198118257164e+02 1.409508202544396909e+03
8.635160984684442838e+02 1.470472774372090953e+03
6.244846927951749649e+02 1.285652407412813091e+03
-1.540852294153118919e+03 -5.634402265675328181e+02
-1.732327470677947076e+03 -3.421798560545766463e+02
-1.793438596360308793e+03 -6.864778889387742993e+02
-1.405791537324590990e+03 -3.516347224693362818e+02
-1.517243974831513924e+03 -8.649534099090226391e+02
-1.273827238984794803e+03 -6.218702218504282655e+02
5.492289419441823384e+02 -1.571070074308139965e+03
3.401496725369546539e+02 -1.736644296414378005e+03
6.843976160255825789e+02 -1.799017307044283143e+03
3.638739945185281499e+02 -1.392621772500169982e+03
8.004760810164093527e+02 -1.541937718996916146e+03
6.193416052562204186e+02 -1.310681228126099086e+03
-5.704717354531879892e+02 -1.500000000000000000e+03
-2.948951560837928696e+02 -1.387006378906381997e+03
-6.181584616169941455e+02 -1.252117013808259117e+03
-4.519938809622735221e+02 -1.684139436477654954e+03
-6.991795014189610811e+02 -1.807407164048026971e+03
-8.664719021986732059e+02 -1.460903388467434070e+03
-5.347110435436430862e+02 1.554236251404937093e+03
-2.484465686847946984e+02 1.694842378376384886e+03
-2.521763854320664962e+02 1.363020292130766848e+03
-4.541249224593792064e+02 1.828167019872000992e+03
-6.122881940332150634e+02 1.282891037987350046e+03
-8.608492409056102588e+02 1.519155968724631975e+03
-6.910082683169033544e+02 1.798574327504373969e+03
-1.500000000000000000e+03 5.704717354531876481e+02
-1.387006378906382906e+03 2.948951560837926991e+02
-1.252117013808259117e+03 6.181584616169938045e+02
-1.684139436477654954e+03 4.519938809622732947e+02
-1.807407164048026971e+03 6.991795014189610811e+02
-1.460903388467434070e+03 8.664719021986728649e+02
-6.170977428213426720e+03 -1.877231266050856902e+03
-5.839667649016788346e+03 -2.251768578096907277e+03
-6.627616949919922263e+03 -2.062770319163416843e+03
-5.793423013982149314e+03 -1.629519071854057984e+03
-6.371320292854484251e+03 -1.475242607330189912e+03
1.877231266050856902e+03 -6.170977428213426720e+03
2.251768578096907277e+03 -5.839667649016788346e+03
2.062770319163415934e+03 -6.627616949919922263e+03
1.629519071854057984e+03 -5.793423013982149314e+03
1.475242607330191959e+03 -6.371320292854486979e+03
6.170977428213422172e+03 1.877231266050855993e+03
5.839667649016786527e+03 2.251768578096902729e+03
6.627616949919921353e+03 2.062770319163415024e+03
5.793423013982149314e+03 1.629519071854057984e+03
6.371320292854487889e+03 1.475242607330194915e+03
-1.877231266050860086e+03 6.170977428213425810e+03
-2.251768578096910005e+03 5.839667649016790165e+03
-2.062770319163420027e+03 6.627616949919922263e+03
-1.629519071854062076e+03 5.793423013982152952e+03
-1.475242607330196961e+03 6.371320292854489708e+03
-3.965711622216592787e+03 -7.571356097508039966e+03
-4.442083962230411089e+03 -7.197813253770509618e+03
-3.416005541812020965e+03 -7.794404929223279396e+03
-3.800452679494228050e+03 -6.885255141461690982e+03
-3.477002340730946798e+03 -7.289906419250833096e+03
3.965711622216593696e+03 7.571356097508040875e+03
4.442083962230410179e+03 7.197813253770508709e+03
3.416005541812020965e+03 7.794404929223283943e+03
3.800452679494231234e+03 6.885255141461689163e+03
3.477002340730948163e+03 7.289906419250837644e+03
7.571356097508036328e+03 -3.965711622216597334e+03
7.197813253770507799e+03 -4.442083962230414727e+03
7.794404929223279396e+03 -3.416005541812022784e+03
6.885255141461685525e+03 -3.800452679494229869e+03
7.289906419250833096e+03 -3.477002340730950436e+03
-7.571356097508043604e+03 3.965711622216590058e+03
-7.197813253770514166e+03 4.442083962230404723e+03
-7.794404929223286672e+03 3.416005541812017782e+03
-6.885255141461692801e+03 3.800452679494223048e+03
-7.289906419250838553e+03 3.477002340730944070e+03
8.221662300308344129e+03 -2.283641693542253051e+03
8.362750827898955322e+03 -1.745983801625726983e+03
7.623629182782691714e+03 -2.520302082916706240e+03
7.988606185967284546e+03 -2.854600938664897967e+03
-8.221662300308347767e+03 2.283641693542248959e+03
-8.362750827898957141e+03 1.745983801625725164e+03
-7.623629182782705357e+03 2.520302082916687141e+03
-7.988606185967297279e+03 2.854600938664893874e+03
-2.283641693542253051e+03 -8.221662300308342310e+03
-1.745983801625728120e+03 -8.362750827898957141e+03
-2.520302082916707150e+03 -7.623629182782677162e+03
-2.854600938664895239e+03 -7.988606185967281817e+03
2.283641693542253961e+03 8.221662300308345948e+03
1.745983801625731985e+03 8.362750827898958960e+03
2.520302082916697145e+03 7.623629182782694443e+03
2.854600938664895693e+03 7.988606185967286365e+03
1.705496542451203823e+03 4.787253256799192059e+03
1.217634764201128974e+03 4.711057731462631637e+03
1.515857077072348147e+03 4.344232919657328239e+03
2.155053470988384106e+03 4.832257231202373987e+03
1.938319445430999849e+03 5.247142178142313242e+03
4.787253256799192968e+03 -1.705496542451201094e+03
4.711057731462631637e+03 -1.217634764201128974e+03
4.344232919657328239e+03 -1.515857077072347010e+03
4.832257231202375806e+03 -2.155053470988384106e+03
5.247142178142316880e+03 -1.938319445430999849e+03
-1.705496542451203140e+03 -4.787253256799192059e+03
-1.217634764201128974e+03 -4.711057731462628908e+03
-1.515857077072347010e+03 -4.344232919657327329e+03
-2.155053470988385016e+03 -4.832257231202375806e+03
-1.938319445430999849e+03 -5.247142178142315970e+03
-4.787253256799192059e+03 1.705496542451199957e+03
-4.711057731462627999e+03 1.217634764201126927e+03
-4.344232919657324601e+03 1.515857077072344964e+03
-4.832257231202376715e+03 2.155053470988383197e+03
-5.247142178142316880e+03 1.938319445430999849e+03
4.599096303203505158e+03 -7.146274546974110308e+03
4.323370626627556703e+03 -6.552287979489633472e+03
4.160312128683543961e+03 -7.539297216256314641e+03
5.112614809293715552e+03 -6.852004493091918448e+03
7.146274546974112127e+03 4.599096303203502430e+03
6.552287979489632562e+03 4.323370626627555794e+03
7.539297216256315551e+03 4.160312128683541232e+03
6.852004493091918448e+03 5.112614809293716462e+03
-7.146274546974110308e+03 -4.599096303203505158e+03
-6.552287979489635291e+03 -4.323370626627561251e+03
-7.539297216256315551e+03 -4.160312128683544870e+03
-6.852004493091918448e+03 -5.112614809293717371e+03
-4.599096303203506068e+03 7.146274546974112127e+03
-4.323370626627560341e+03 6.552287979489635291e+03
-4.160312128683543961e+03 7.539297216256315551e+03
-5.112614809293719190e+03 6.852004493091916629e+03
3.196187153474920706e+03 -1.876358596688000944e+03
3.524304309339513566e+03 -1.809851418302499951e+03
2.985707631103188305e+03 -2.085390078829254890e+03
3.244675677687092048e+03 -1.592241582926237925e+03
2.914262035926161843e+03 -1.703838040894611140e+03
-1.876358596688000944e+03 -3.196187153474920706e+03
-1.809851418302499951e+03 -3.524304309339513566e+03
-2.085390092990601715e+03 -2.985707620772611790e+03
-1.592241602752124891e+03 -3.244675663224286382e+03
-1.703838179675818992e+03 -2.914261934686517634e+03
1.876358596688002081e+03 3.196187153474920706e+03
1.809851418302501088e+03 3.524304309339513111e+03
2.085386077666578785e+03 2.985704179740463132e+03
1.592235981298493016e+03 3.244670845779277442e+03
1.703798829500392003e+03 2.914228212571450058e+03
-3.196187153474924344e+03 1.876358596688003900e+03
-3.524304309339514930e+03 1.809851418302501088e+03
-2.985707620772614064e+03 2.085390092990603989e+03
-3.244675663224290020e+03 1.592241602752126937e+03
-2.914261934686521272e+03 1.703838179675820811e+03
-3.036134206547624672e+03 2.988943712003705059e+03
-2.939846980053061998e+03 2.481157437838260648e+03
-2.694152930950651353e+03 2.931452222476779752e+03
-3.384252692180005852e+03 3.194929358471145861e+03
-2.988943712003703240e+03 -3.036134206547623762e+03
-2.481157437838260194e+03 -2.939846980053060634e+03
-2.931452222476779298e+03 -2.694152930950649079e+03
-3.194929358471145406e+03 -3.384252692180004033e+03
2.988943712003703695e+03 3.036134206547623762e+03
2.481157437838260194e+03 2.939846980053060634e+03
2.931452222476779752e+03 2.694152930950651353e+03
3.194929358471145406e+03 3.384252692180005852e+03
3.036134206547623762e+03 -2.988943712003703695e+03
2.939846980053060634e+03 -2.481157437838260194e+03
2.694152930950649079e+03 -2.931452222476779298e+03
3.384252692180004033e+03 -3.194929358471145406e+03
1.275941733204566162e+03 -4.633846828396827732e+03
8.789044795590360764e+02 -4.355100898681532271e+03
1.044878478591170960e+03 -5.171189500537436288e+03
1.577863346170438945e+03 -5.151670286163132914e+03
1.627023372596325999e+03 -4.322665933539682555e+03
4.633846828396825913e+03 1.275941733204566162e+03
4.355100898681529543e+03 8.789044795590344847e+02
5.171189500537436288e+03 1.044878478591170960e+03
5.151670286163132914e+03 1.577863346170438945e+03
4.322665933539680736e+03 1.627023372596327135e+03
-4.633846828396825913e+03 -1.275941733204566845e+03
-4.355100898681531362e+03 -8.789044795590348258e+02
-5.171189500537435379e+03 -1.044878478591170960e+03
-5.151670286163132914e+03 -1.577863346170440082e+03
-4.322665933539682555e+03 -1.627023372596327818e+03
-1.275941733204566845e+03 4.633846828396827732e+03
-8.789044795590360764e+02 4.355100898681529543e+03
-1.044878478591173007e+03 5.171189500537436288e+03
-1.577863346170438945e+03 5.151670286163134733e+03
-1.627023372596327818e+03 4.322665933539682555e+03
8.010606433137549175e+03 2.913219844971831208e+03
7.710986663461001626e+03 3.542966457463739971e+03
7.503687441077151561e+03 2.563735326112275743e+03
8.335766322274970662e+03 2.430988034964409053e+03
-2.913219844971836210e+03 8.010606433137551903e+03
-3.542966457463745883e+03 7.710986663461006174e+03
-2.563735326112277107e+03 7.503687441077153380e+03
-2.430988034964413146e+03 8.335766322274972481e+03
-8.010606433137551903e+03 -2.913219844971831208e+03
-7.710986663461006174e+03 -3.542966457463745883e+03
-7.503687441077157018e+03 -2.563735326112279381e+03
-8.335766322274972481e+03 -2.430988034964404960e+03
2.913219844971831208e+03 -8.010606433137551903e+03
3.542966457463745883e+03 -7.710986663461003445e+03
2.563735326112279381e+03 -7.503687441077157018e+03
2.430988034964404960e+03 -8.335766322274972481e+03
-6.311342813287583340e+03 -5.799339682445276594e+03
-5.935293936301450231e+03 -6.336548290629915755e+03
5.799339682445272956e+03 -6.311342813287586978e+03
6.336548290629911207e+03 -5.935293936301452050e+03
6.311342813287583340e+03 5.799339682445279323e+03
5.935293936301447502e+03 6.336548290629919393e+03
-5.799339682445281142e+03 6.311342813287579702e+03
-6.336548290629918483e+03 5.935293936301442045e+03
4.996775849826626654e+03 3.433475853859380095e+03
4.765938557096307704e+03 3.862211661383885712e+03
5.506158594911630644e+03 3.314318904031726106e+03
-3.433475853859380095e+03 4.996775849826630292e+03
-3.862211661383885257e+03 4.765938557096305885e+03
-3.314318904031722468e+03 5.506158594911632463e+03
-4.996775849826629383e+03 -3.433475853859377821e+03
-4.765938557096307704e+03 -3.862211661383882984e+03
-5.506158594911633372e+03 -3.314318904031731108e+03
3.433475853859377821e+03 -4.996775849826627564e+03
3.862211661383882074e+03 -4.765938557096305885e+03
3.314318904031723832e+03 -5.506158594911630644e+03
-3.223864356043976613e+02 7.219650846400280898e+03
1.412820778839252966e+02 6.876594975488621458e+03
-6.789032856615011724e+02 6.871060049824412999e+03
-4.392713355046149104e+02 8.674887937409806909e+03
7.219650846400279988e+03 3.223864356043969792e+02
6.876594975488622367e+03 -1.412820778839239892e+02
6.871060049824419366e+03 6.789032856615016271e+02
8.674887937409805090e+03 4.392713355046105903e+02
3.223864356043946486e+02 -7.219650846400279988e+03
-1.412820778839235061e+02 -6.876594975488621458e+03
6.789032856614908269e+02 -6.871060049824411180e+03
4.392713355046092829e+02 -8.674887937409805090e+03
-7.219650846400276350e+03 -3.223864356043960697e+02
-6.876594975488618729e+03 1.412820778839245008e+02
-6.871060049824412090e+03 -6.789032856615002629e+02
-8.674887937409805090e+03 -4.392713355046116703e+02
-2.015578925680425982e+03 1.626174507966962892e+03
-1.826341945225160089e+03 1.336539036840871859e+03
-1.746943528642898855e+03 1.873060685390345043e+03
1.626174507966961983e+03 2.015578925680424163e+03
1.336539036840871859e+03 1.826341945225158952e+03
1.873060685390342996e+03 1.746943528642897036e+03
2.015578925680424163e+03 -1.626174507966961983e+03
1.826402415317769055e+03 -1.337176424496077061e+03
1.746943528642897036e+03 -1.873060685390342996e+03
-1.626174507966961983e+03 -2.015578925680424163e+03
-1.336539036840871859e+03 -1.826341945225158952e+03
-1.873060685390342996e+03 -1.746943528642896126e+03
4.161796778639932199e+03 5.060161600762943635e+03
3.801714614298728975e+03 5.593615817318925110e+03
4.668036285323828452e+03 4.820986343413847862e+03
5.060161600762937269e+03 -4.161796778639933109e+03
5.593615817318922382e+03 -3.801714614298731703e+03
4.820986343413842405e+03 -4.668036285323828452e+03
-4.161796778639934928e+03 -5.060161600762939088e+03
-3.801714614298733068e+03 -5.593615817318923291e+03
-4.668036285323828452e+03 -4.820986343413842405e+03
-5.060161600762942726e+03 4.161796778639931290e+03
-5.593615817318925110e+03 3.801714614298730339e+03
-4.820986343413847862e+03 4.668036285323828452e+03
-2.946558543342503981e+03 -1.798288268688507969e+03
-3.033479094169498694e+03 -2.098323787911208910e+03
-3.107925248505469426e+03 -1.524082559920046833e+03
1.798288268688509106e+03 -2.946558543342503071e+03
2.098323787911208910e+03 -3.033479094169497785e+03
1.524082641530887031e+03 -3.107925531364970993e+03
-1.798288268688509106e+03 2.946558543342501707e+03
-2.098323787911209820e+03 3.033479094169498694e+03
-1.524082559920046833e+03 3.107925248505468062e+03
2.946558543342503071e+03 1.798288268688507969e+03
3.033479094169498694e+03 2.098323787911208910e+03
3.107925248505468062e+03 1.524082559920046151e+03
2.622571020898111328e+03 3.478830689330224004e+02
2.306615810411190978e+03 3.010994908445686065e+02
2.492074429632414194e+03 1.106163958137153998e+02
2.834994946223883289e+03 6.203547563146844368e+02
3.478830689330222867e+02 -2.622571020898109964e+03
3.010994908445686065e+02 -2.306615810411190978e+03
1.106163958137153998e+02 -2.492074429632414194e+03
6.203547563146844368e+02 -2.834994946223883289e+03
-3.478830689330222867e+02 2.622571020898111328e+03
-1.049095294279993027e+02 2.489936708640206234e+03
-6.214410416134435309e+02 2.832472525994975058e+03
-2.622571020898109964e+03 -3.478830689330226846e+02
-2.306615810411190978e+03 -3.010994908445686633e+02
-2.492074429632415104e+03 -1.106163958137156982e+02
-2.834994946223881925e+03 -6.203547563146852326e+02
-2.181157473873257004e+03 6.367608267043054866e+02
-2.512784352405356003e+03 4.637713361511673043e+02
-2.058499565356371022e+03 9.099085260316178392e+02
2.181157473873257914e+03 -6.367608267043052592e+02
2.512784352405356003e+03 -4.637713361511674179e+02
2.058528722374023346e+03 -9.098685570438400418e+02
6.289685976550870237e+02 2.160646029432475189e+03
4.609331987368225896e+02 2.508943320175415010e+03
9.061017200687141440e+02 2.058997603943351805e+03
-6.367608267043051455e+02 -2.181157473873257914e+03
-4.637713361511674179e+02 -2.512784352405356003e+03
-9.099085260316174981e+02 -2.058499565356373296e+03
9.286905616221030186e+02 3.270598943325617256e+03
6.560609946623195583e+02 2.842973027726903638e+03
1.297017082345658991e+03 3.077300751750465224e+03
1.365028951381803154e+03 3.524592881486526949e+03
6.876823745672782024e+02 3.592219175583541073e+03
3.270598943325615892e+03 -9.286905616221022228e+02
2.842973027726903638e+03 -6.560609946623194446e+02
3.077300751750464315e+03 -1.297017082345658082e+03
3.524592881486526949e+03 -1.365028951381802017e+03
3.592219175583539254e+03 -6.876823745672772930e+02
-9.286905616221032460e+02 -3.270598943325617256e+03
-6.560609946623195583e+02 -2.842973027726905002e+03
-1.297017082345658991e+03 -3.077300751750464315e+03
-1.365028951381803154e+03 -3.524592881486527858e+03
-6.876823745672785435e+02 -3.592219175583539709e+03
-3.270598943325617256e+03 9.286905616220997217e+02
-2.842973027726905002e+03 6.560609946623186488e+02
-3.077300751750467953e+03 1.297017082345658991e+03
-3.524592881486527858e+03 1.365028951381799970e+03
-3.592219175583539254e+03 6.876823745672737687e+02
-3.032256758349260963e+03 4.240352202537798803e+03
-3.048699379338171184e+03 3.841380254777463961e+03
4.240352202537797893e+03 3.032256758349260963e+03
3.841380254777463961e+03 3.048699379338172093e+03
3.032256758349258689e+03 -4.240352202537797893e+03
3.048699379338168910e+03 -3.841380254777463961e+03
-4.240352202537797893e+03 -3.032256758349260053e+03
-3.841380254777463961e+03 -3.048699379338169820e+03
-1.399651799084649156e+03 -6.807707793506836424e+03
-1.689536704691211071e+03 -7.255547962904309315e+03
6.807707793506838243e+03 -1.399651799084653021e+03
7.255547962904303859e+03 -1.689536704691211753e+03
-6.807707793506835515e+03 1.399651799084650975e+03
-7.255547962904293854e+03 1.689536704691211753e+03
1.399651799084653021e+03 6.807707793506836424e+03
1.689536704691214027e+03 7.255547962904296583e+03
-2.724122199570192038e+02 4.768390956631281483e+02
-5.363367819166028028e+01 5.637004562324979133e+02
-3.735972665655627907e+02 2.593763101576448094e+02
4.998525823217408970e+02 2.840317350737103084e+02
5.562169217940254384e+02 5.596359246913587526e+01
2.987595371249702794e+02 4.166152872407893142e+02
-4.969989336302208471e+02 -2.747671944484008577e+02
-3.352872392367083876e+02 -4.290092906354678348e+02
-5.517364760910652421e+02 -4.921336527061347965e+01
2.746247866684637984e+02 -5.291584145087199431e+02
3.859431344083284898e+02 -2.995822203163971267e+02
2.393670234951504128e+01 -4.508689901130592830e+02
3.613682996201931019e+03 6.190581671207132786e+03
-3.613682996201931928e+03 -6.190581671207131876e+03
6.190581671207130057e+03 -3.613682996201935111e+03
-6.190581671207133695e+03 3.613682996201927836e+03
4.016241032224598939e+02 6.476247197749458792e+03
-6.476247197749456063e+03 4.016241032224594960e+02
6.476247197749459701e+03 -4.016241032224600076e+02
-4.016241032224591549e+02 -6.476247197749456063e+03
5.009697506857789449e+03 -5.621025268260655139e+02
5.216970789008790234e+03 -1.246770054099414011e+02
-5.621025268260664234e+02 -5.009697506857786721e+03
-1.246770054099436038e+02 -5.216970789008788415e+03
5.621025268260641496e+02 5.009697506857788539e+03
1.246770054099403922e+02 5.216970789008789325e+03
-5.009697506857788539e+03 5.621025268260647181e+02
-5.216970789008790234e+03 1.246770054099414011e+02
-3.885217445295229481e+03 -1.982475482920077070e+02
-3.995911067443923912e+03 1.699634422758200856e+02
-1.982475482920081902e+02 3.885217445295229936e+03
1.699634422758205972e+02 3.995911067443922093e+03
3.885217445295229481e+03 1.982475482920081902e+02
3.995911067443920729e+03 -1.699634422758182950e+02
1.982475482920083039e+02 -3.885217445295229936e+03
-1.699634422758208814e+02 -3.995911067443923002e+03
-5.494444987490134054e+02 2.078081297077681938e+03
2.075902679345274919e+03 5.215482729437327407e+02
5.215482729437327407e+02 -2.075902679345274919e+03
-2.075902679345275828e+03 -5.215482729437329681e+02
-1.478666984614478906e+03 1.951565452328405172e+03
-1.203548445108315946e+03 1.963766589861176044e+03
-1.680615883681443847e+03 2.099233452478361869e+03
1.951565452328404035e+03 1.478666984614477769e+03
1.963766589861175135e+03 1.203548445108315036e+03
2.099233452478361869e+03 1.680615883681442028e+03
1.478796027883246097e+03 -1.952012710498219121e+03
1.213483281577048047e+03 -1.968091961545196909e+03
1.680645379285732133e+03 -2.099335682917177110e+03
-1.951565452328402898e+03 -1.478666984614477087e+03
-1.963766589861175135e+03 -1.203548445108313899e+03
-2.099233452478361869e+03 -1.680615883681441119e+03
-2.502364284477846923e+03 1.487589792233877972e+02
1.487589792233881099e+02 2.502364284477846923e+03
2.502364284477848287e+03 -1.487589792233882804e+02
-1.487589792233881099e+02 -2.502364284477846923e+03
3.919227903300576145e+03 -1.681786699080992094e+03
1.681786699080994140e+03 3.919227903300576145e+03
-3.919227903300576145e+03 1.681786699080989820e+03
-1.681786699080994140e+03 -3.919227903300577054e+03
-5.709648340085339441e+03 2.199343017526332005e+03
-2.199343017526332915e+03 -5.709648340085336713e+03
2.199343017526330186e+03 5.709648340085335803e+03
5.709648340085336713e+03 -2.199343017526332005e+03
1.500000000000000000e+03 6.611896458905452789e+01
6.611896458905452789e+01 1.500000000000000000e+03
-1.500000000000000000e+03 -6.611896458905452789e+01
6.611896458905452789e+01 -1.500000000000000000e+03
7.115011047711143874e+03 2.239808072279581211e+03
-7.115011047711147512e+03 -2.239808072279584849e+03
2.239808072279584849e+03 -7.115011047711147512e+03
-2.239808072279587122e+03 7.115011047711143874e+03
-5.084886409427837862e+03 -7.218261875357256031e+03
7.218261875357255121e+03 -5.084886409427841500e+03
-7.218261875357260578e+03 5.084886409427832405e+03
5.084886409427836043e+03 7.218261875357256940e+03
-4.296974286763822420e+03 3.192717578422030329e+03
-3.192717578422030783e+03 -4.296974286763818782e+03
3.192717578422028964e+03 4.296974286763821510e+03
4.296974286763818782e+03 -3.192717578422030329e+03
1.034272914083968999e+03 1.791039179992669006e+03
-1.034272914083968999e+03 -1.791039179992669006e+03
1.791217766725778120e+03 -1.034028104033830914e+03
-1.791039179992669006e+03 1.034272914083967862e+03
-5.525964605348504847e+03 -1.247700192956777073e+03
-1.247700192956780938e+03 5.525964605348504847e+03
1.247700192956777073e+03 -5.525964605348504847e+03
5.525964605348503028e+03 1.247700192956777983e+03
-1.263704399591294987e+03 -8.788750192428784430e+03
8.788750192428784430e+03 -1.263704399591297033e+03
1.263704399591297033e+03 8.788750192428786249e+03
-8.788750192428786249e+03 1.263704399591292031e+03
2.767650206304794210e+03 -5.720101025178856617e+03
-5.720101025178856617e+03 -2.767650206304794210e+03
-2.767650206304793301e+03 5.720101025178856617e+03
5.720101025178853888e+03 2.767650206304791027e+03
6.684510876976005420e+03 1.075241487942965023e+03
-6.684510876975999963e+03 -1.075241487942962067e+03
1.075241487942960930e+03 -6.684510876976001782e+03
-1.075241487942967069e+03 6.684510876976004511e+03
1.559121832059028975e+03 -3.948551096409372803e+03
-3.948551096409372803e+03 -1.559121832059029884e+03
3.948551096409371894e+03 1.559121832059028065e+03
-1.559121832059028975e+03 3.948551096409371894e+03
8.851844424981286465e+02 -3.039058812023681185e+03
5.777881706499837264e+02 -3.129060497274955196e+03
3.039058812023681185e+03 8.851844424981284192e+02
3.129060497274955196e+03 5.777881706499836127e+02
-3.039058812023678001e+03 -8.851844424981292150e+02
-3.129060497274952922e+03 -5.777881706499848633e+02
-8.851844424981280781e+02 3.039058812023681185e+03
-5.780054277097354998e+02 3.128556013229173004e+03
1.700425776940045921e+02 5.822182345402580950e+02
-1.769212182537605997e+02 -5.838420266476183542e+02
5.798287880838637420e+02 -1.719298818217783094e+02
-5.838420266476185816e+02 1.769212182537604008e+02
-8.769745163043156936e+03 -2.090851377989710272e+03
2.090851377989710272e+03 -8.769745163043158755e+03
-2.090851377989719822e+03 8.769745163043156936e+03
8.769745163043155117e+03 2.090851377989715729e+03
-4.734054262496806587e+03 -4.307256993398069426e+03
4.734054262496807496e+03 4.307256993398071245e+03
-4.307256993398073064e+03 4.734054262496810225e+03
4.307256993398069426e+03 -4.734054262496806587e+03
2.515166760830974795e+02 5.676738116066946532e+03
-2.515166760831005206e+02 -5.676738116066944713e+03
-5.676738116066946532e+03 2.515166760830988153e+02
5.676738116066947441e+03 -2.515166760830991848e+02
-2.391333458004965905e+03 2.896940608864728347e+03
2.896940608864728347e+03 2.391333458004965905e+03
-2.896940608864728347e+03 -2.391333458004964086e+03
2.391333458004964086e+03 -2.896940608864728347e+03
-9.928885698567037252e+02 1.810732859425638935e+03
1.810732859425638935e+03 9.928885698567025884e+02
9.906833957261821979e+02 -1.786918556503714171e+03
-1.810732859425638935e+03 -9.928885698567030431e+02
8.032249733186267804e+03 4.060555796276171804e+03
-8.032249733186269623e+03 -4.060555796276179080e+03
4.060555796276179080e+03 -8.032249733186269623e+03
-4.060555796276177716e+03 8.032249733186269623e+03
8.317969884299260229e+03 -3.334156285859268337e+03
-3.334156285859263789e+03 -8.317969884299260229e+03
3.334156285859265154e+03 8.317969884299267505e+03
-8.317969884299267505e+03 3.334156285859263789e+03
1.087106385693824905e+03 4.304559511144062753e+02
1.077900851570657096e+03 -4.243406511383022348e+02
4.257310656095217496e+02 1.106025540847441107e+03
-1.087106385693824905e+03 -4.304559511144062753e+02
4.295672128644933423e+02 -1.084049669980744966e+03
-4.242098621426682712e+02 -1.073637681953043057e+03
-4.313881136712535636e+02 1.063631450774475070e+03
-1.073637681953041920e+03 4.242098621426682143e+02
-3.696057295544433600e+03 3.984390277652182135e+02
-3.984390277652206009e+02 -3.696057295544433600e+03
3.984390277652202599e+02 3.696057295544433600e+03
3.696057295544433146e+03 -3.984390277652197483e+02
1.664236956854044138e+03 2.577564967351432642e+03
-1.664236956854044138e+03 -2.577564967351432642e+03
2.577564967351432642e+03 -1.664236956854043001e+03
-2.577564967351434007e+03 1.664236956854043001e+03
3.672218479122273948e+03 -5.872331963617911242e+03
-5.872331963617910333e+03 -3.672218479122279859e+03
5.872331963617910333e+03 3.672218479122266672e+03
-3.672218479122266217e+03 5.872331963617911242e+03
-2.482238555817954875e+03 -4.570060903021922059e+03
4.570060903021922059e+03 -2.482238555817954875e+03
-4.570060903021923878e+03 2.482238555817954875e+03
2.482238555817953056e+03 4.570060903021918421e+03
2.973346940112334323e+03 7.424344724841916104e+03
-7.424344724841918833e+03 2.973346940112330230e+03
-2.973346940112337052e+03 -7.424344724841910647e+03
7.424344724841911557e+03 -2.973346940112339325e+03
-9.018136969072114653e+02 1.200008499234915007e+03
1.200008499234915007e+03 9.018136969072110105e+02
-1.200008499234915007e+03 -9.018136969072110105e+02
1.234418149118564997e+03 -9.091237777476427482e+02
8.544278332006764458e+02 1.174459978981971062e+03
8.724786951666596906e+02 -1.235005509928522997e+03
-8.544278332006764458e+02 -1.174459978981971062e+03
-1.174459978981971972e+03 8.544278332006762184e+02
-5.253046084960395092e+03 -6.509648077282931808e+02
-6.509648077282954546e+02 5.253046084960397820e+03
5.253046084960396911e+03 6.509648077282939767e+02
6.509648077282928398e+02 -5.253046084960397820e+03
2.099800000362180981e+03 7.286793093743748614e+03
-2.099800000362183255e+03 -7.286793093743746795e+03
-7.286793093743748614e+03 2.099800000362178253e+03
7.286793093743746795e+03 -2.099800000362185074e+03
-5.448307847954715726e+03 -1.961815411972825132e+03
1.961815411972825132e+03 -5.448307847954715726e+03
5.448307847954713907e+03 1.961815411972825132e+03
-1.961815411972827860e+03 5.448307847954716635e+03
1.520675721758253076e+03 -3.422568978574029643e+03
3.422568978574031007e+03 1.520675721758250802e+03
-1.520675721758251939e+03 3.422568978574029643e+03
-3.422568978574031007e+03 -1.520675721758253076e+03
