1415
1409
1410
1412
1411
640
697
641
583
642
0
1
2
4
3
696
638
695
751
750
1004
953
1003
954
1081
955
1005
777
721
778
720
776
838
719
612
613
557
683
556
611
555
785
845
846
784
786
728
787
1148
1103
1149
1102
1190
1147
1101
603
659
660
658
545
604
602
657
395
445
394
446
345
346
396
791
790
733
850
734
792
849
1400
1414
1386
1401
1402
1368
1387
1343
1369
1317
1344
1345
1286
1318
1252
1253
1287
1215
1216
1170
1217
1126
1171
1082
1083
1127
1034
1035
981
982
927
928
870
871
814
815
753
754
755
698
527
584
473
528
529
419
474
370
420
323
371
421
280
324
240
281
325
202
241
168
203
134
169
104
135
170
79
105
58
80
38
59
24
39
12
25
5
13
14
6
11
10
23
22
21
37
36
56
55
78
77
76
103
102
133
132
131
167
166
201
200
238
237
278
277
279
321
320
368
367
418
417
472
471
523
522
582
581
580
637
811
812
869
868
810
925
926
979
924
1031
1030
978
1079
1080
1125
1124
1078
1169
1168
1211
1212
1251
1210
1284
1283
1250
1312
1313
1342
1311
1365
1341
1383
1364
1398
1382
1408
1407
1397
1413
1116
1115
1160
1117
1161
1162
1071
1118
270
311
312
269
313
271
229
272
1090
1091
1044
1136
1043
1089
1135
1134
248
249
211
288
210
209
287
247
1352
1375
1376
1351
1326
1327
1353
591
646
647
590
534
592
648
68
48
67
69
70
93
92
804
746
745
805
861
860
803
339
387
388
338
340
293
292
994
995
945
1049
944
943
993
1064
1014
1063
1015
1110
1111
1065
402
401
454
403
455
405
356
765
708
709
764
766
826
149
117
150
148
184
183
627
628
626
571
569
570
1300
1331
1299
1301
1269
1270
466
465
517
413
414
467
518
932
933
877
1032
931
875
876
84
111
85
110
83
62
63
1307
1276
1306
1277
1308
1337
1336
856
857
911
799
798
797
855
1184
1227
1183
1228
1229
1185
1142
222
190
223
239
221
262
263
486
485
432
539
540
541
487
128
129
99
162
97
98
127
1026
1027
976
1075
974
975
1025
1290
1289
1321
1256
1291
1322
1257
375
327
374
328
425
424
376
495
440
494
441
550
496
890
889
948
833
891
834
562
505
504
563
561
617
1060
1061
1011
1059
1010
1009
275
274
235
322
317
316
318
276
315
1085
1130
1129
1131
1038
1039
1086
1084
1087
1246
1207
1208
1247
1280
1279
1281
1249
1245
173
206
172
207
138
139
137
136
174
296
342
341
343
297
257
295
830
831
887
770
769
768
829
566
565
507
621
622
567
508
1193
1152
1153
1192
1234
1235
1194
193
192
156
227
194
159
157
158
379
380
429
381
332
378
428
427
970
969
914
1020
1021
1022
971
1023
1224
1180
1225
1179
1178
1223
1260
1259
1394
1380
1379
1395
1405
1393
1404
1378
633
578
634
635
693
692
694
632
701
757
758
700
644
702
643
759
17
27
28
16
18
30
8
29
781
842
782
841
725
724
780
789
938
990
991
937
881
939
940
180
212
213
179
146
181
214
408
359
358
409
461
460
407
1200
1159
1158
1201
1239
1199
1157
1051
1097
1050
1098
1099
1052
997
351
304
352
350
398
399
400
907
908
964
853
852
906
963
436
435
386
489
490
491
437
1372
1391
1373
1390
1371
1389
1384
1349
33
19
32
20
53
34
52
51
808
748
807
809
865
866
864
863
531
587
588
586
477
530
478
532
654
598
599
653
711
655
600
1231
1230
1187
1266
1267
1232
1188
678
738
737
679
624
677
736
260
261
301
219
218
259
300
1333
1334
1357
1335
1303
1332
1356
1355
65
64
46
87
88
89
66
90
761
821
760
822
823
762
705
706
630
575
631
574
573
629
689
688
233
234
232
198
197
196
244
205
245
243
284
285
1174
1173
1175
1219
1220
1176
1165
1166
1164
1122
1121
1120
1018
1068
1019
1017
968
966
967
266
267
226
307
225
306
265
335
290
334
336
382
384
383
1139
1092
1138
1093
1181
1140
1182
142
113
143
112
177
176
141
411
463
410
464
361
362
412
987
935
988
934
1042
1041
986
1242
1274
1241
1275
1203
1204
1243
152
151
188
153
154
120
741
685
740
686
801
742
595
651
596
650
537
594
1297
1298
1264
1330
1296
1329
609
665
664
610
608
552
553
894
895
952
837
951
893
836
957
899
900
956
958
1007
1008
670
669
614
729
615
616
671
1001
1054
1000
1002
949
950
1105
1056
1057
1104
1150
1106
716
715
717
773
774
502
447
448
501
503
559
903
848
904
847
960
902
673
731
672
732
674
618
606
661
662
605
607
548
547
443
499
498
444
393
442
96
125
72
95
71
980
973
919
917
918
1324
1292
1323
1293
1325
481
426
480
482
533
416
366
469
365
415
983
1037
929
984
930
1340
1310
1367
1309
1339
81
107
60
108
82
1381
1396
1361
1362
26
15
42
41
579
639
520
521
816
756
817
873
824
763
825
880
879
1272
1302
1271
1273
1304
513
572
512
514
515
115
116
147
145
114
1077
1076
1028
1123
1254
1255
1288
1218
164
163
130
165
282
283
326
242
1197
1198
1156
1196
1155
458
459
406
526
457
941
883
942
884
885
254
215
253
255
294
251
252
291
250
309
357
308
310
1046
992
1047
1045
1113
1112
1067
1114
858
800
859
915
913
1262
1263
1295
1261
1226
155
189
122
123
191
484
538
536
483
430
1346
1320
1347
1370
422
373
423
476
75
100
74
54
922
977
921
923
199
236
1167
1209
1172
1128
204
171
1177
1213
1222
331
286
330
195
230
160
1072
1119
1073
645
703
682
585
1392
1399
1374
1403
747
691
806
749
31
57
49
9
389
390
439
888
832
946
1109
1108
1062
506
564
525
1088
1040
1132
1205
1244
1206
314
363
273
175
140
208
353
354
305
965
1016
909
385
404
434
1095
1094
1096
1145
1100
1146
1144
794
851
793
795
544
601
543
348
397
347
349
344
298
392
1191
1233
1151
714
713
771
675
676
620
767
712
828
827
788
1236
1268
1195
1237
1285
568
623
509
510
625
217
258
256
216
185
333
289
1214
1137
1070
1069
228
268
576
577
1358
1359
45
44
820
819
722
779
723
896
897
840
668
726
667
844
843
783
985
364
1278
109
704
47
1377
690
1366
1354
687
743
707
649
118
119
220
187
597
652
1265
1315
739
680
546
1053
905
449
493
492
438
947
998
996
1012
962
1013
452
451
453
299
656
1189
735
1238
882
182
511
86
516
878
1305
1055
718
500
813
1348
73
920
479
319
1282
106
1036
178
360
989
1202
772
619
1107
391
94
535
916
1294
636
1406
699
7
1024
126
377
1258
1350
50
862
589
912
224
1248
431
854
796
1143
1186
303
302
488
542
839
727
898
666
35
867
475
1388
231
1133
246
1163
752
744
91
1385
337
1048
355
1066
549
999
961
450
1319
101
1029
372
1363
470
872
40
1033
1006
775
558
901
730
663
554
186
681
710
1316
886
456
1154
369
1074
161
1221
329
462
1240
144
936
874
61
468
1338
551
892
560
1058
835
959
684
497
121
593
1328
802
818
519
43
1360
124
972
1314
524
910
1141
433
264
