1.372523246508673183e+05
1.319269809134370298e+05
3.375412652479314711e+05
1.936008318575961748e+05
9.641447839198404108e+04
9.356864945900996099e+04
1.647458775946025271e+05
2.425441519997800642e+05
2.650241771647130372e+05
3.717694593879835447e+05
1.777277035671934136e+05
1.451343287791911862e+05
1.682361830590349564e+05
1.555573142007936840e+05
2.264840890215082327e+05
1.497870607268523599e+05
1.570625515482516494e+05
2.324936557607398136e+05
2.455387395221625629e+05
2.328722413931019837e+05
1.707060525111790630e+05
2.563380572772331070e+05
1.463806744506371906e+05
9.257998531120480038e+04
1.109558234217805875e+05
2.653684397949629347e+05
2.017107220941601554e+05
2.269147182224151911e+05
1.240215017287583178e+05
1.875023342796840589e+05
1.312176312714164960e+05
1.875497024248778762e+05
1.715204135149976646e+05
2.082162888056292431e+05
1.758063559500498232e+05
1.672122915440412180e+05
1.387419403801963199e+05
1.164159468553032784e+05
1.167930190051705576e+05
1.451015011970060878e+05
1.292800854268068215e+05
1.646939087029522343e+05
1.523779284360028105e+05
1.074975131135485572e+05
9.570581813552493986e+04
1.571035920320709120e+05
1.635537015594037075e+05
1.409439123203534109e+05
1.406313938039231580e+05
9.025584928334907454e+04
1.252259890472446859e+05
1.912241815966538852e+05
1.080961771129411354e+05
1.493681885564935510e+05
1.352366078047443298e+05
2.580694781597138499e+05
1.672737681385437609e+05
1.060279098119124101e+05
1.614352881836675224e+05
2.691881830702250008e+05
1.489482924218331464e+05
1.374959157675193273e+05
1.507166668900048244e+05
1.772585680186752579e+05
1.934006835378246906e+05
1.618757831259899831e+05
1.326992118380277243e+05
1.312334270748732670e+05
1.120252308537582721e+05
8.743436642802160350e+04
1.394122574758586125e+05
1.373970050616572553e+05
1.463208200672919629e+05
1.078808637097821484e+05
1.371831322258812725e+05
2.202907955197584815e+05
2.239543295236216800e+05
1.338100415659710707e+05
8.233481968792971747e+04
1.272696185919184936e+05
3.067222695937108365e+05
1.932414791977037094e+05
1.132001487584819406e+05
1.817106817589221464e+05
1.403199534958394943e+05
1.177174083001696126e+05
1.528052983962290164e+05
1.053273841151001834e+05
1.142369388112037996e+05
1.125179604138325667e+05
1.119080753576824063e+05
9.942746829586813692e+04
1.268345339822818787e+05
9.897849524824255786e+04
8.867817808492682525e+04
1.385614045406225196e+05
9.977825580775972048e+04
1.736051795798678941e+05
1.420608658456586709e+05
1.822474966715126357e+05
1.959753584304284886e+05
1.577663512047854019e+05
1.288323021179501957e+05
1.414271579405417433e+05
1.032404792409674556e+05
1.697215867341672420e+05
1.950344911015585240e+05
1.751102485564806557e+05
1.849834063722610299e+05
1.617784507905029750e+05
1.105323878729028656e+05
1.169943532597625890e+05
9.361976739783666562e+04
1.389245427767451911e+05
1.115545370217444870e+05
1.130907101477990363e+05
9.838426306368576479e+04
1.337875973441314709e+05
7.969212884412556014e+04
9.847405411112797447e+04
8.726011784074049501e+04
7.638218673289525032e+04
1.075462762256017304e+05
1.296204566555448255e+05
8.058711339407454943e+04
1.164116843805955723e+05
1.278772356407074112e+05
1.447871560510710988e+05
1.723848739647830953e+05
2.389809502659467980e+05
1.441052572541086120e+05
1.890118562038939854e+05
2.317751474410594674e+05
1.298403446181360487e+05
1.573586709148943482e+05
2.112993826292619051e+05
2.330170085470209888e+05
1.370846619350861874e+05
1.270766831970248604e+05
1.525321876152490440e+05
1.543212154023263138e+05
1.583961724780994991e+05
1.120284308263341954e+05
1.107555452003221144e+05
9.235239038189988059e+04
8.779550334158947226e+04
1.451155843290154880e+05
9.123967665480825235e+04
5.753204996584719629e+04
5.811391553331200703e+04
9.196218954461932299e+04
1.099740814282996726e+05
8.348947774425760144e+04
9.250363388787431177e+04
1.240414239712957933e+05
1.401174763930903573e+05
1.039230997102918045e+05
7.262478959250694606e+04
1.027106263679245312e+05
1.233947091350474657e+05
1.424702265754481778e+05
1.242420574372744450e+05
1.653574597474632028e+05
2.056611416812064708e+05
2.103630631486767961e+05
2.464885272385028657e+05
2.508886721128139179e+05
1.319722964478844951e+05
1.118617912332550331e+05
2.095710226091344957e+05
1.637840620760457823e+05
1.560338102177450783e+05
2.191968487969981215e+05
2.613442059781674179e+05
1.123327799458797090e+05
1.760468206523928093e+05
1.328475976520927798e+05
7.474395019156657509e+04
1.083916368401264190e+05
1.120156363486246410e+05
1.053513612842185685e+05
6.579420867767083109e+04
8.588032267231616424e+04
7.265560978427485679e+04
7.428156836681289133e+04
5.512587552636874898e+04
5.505997898734716000e+04
7.829385287957813125e+04
1.292117308917650080e+05
7.791439485311722092e+04
9.311608391762292013e+04
9.484822910959752335e+04
1.065421587339778343e+05
1.280538124132804805e+05
1.272765725894666248e+05
1.349043442832620640e+05
2.111245348988366895e+05
1.818834029339728877e+05
2.129679872427562659e+05
3.185130016848171945e+05
1.865564202859288780e+05
1.118617912332540145e+05
1.319722964478839131e+05
1.865564202859279758e+05
3.185130016848170781e+05
1.564210103105556336e+05
2.050963450607861450e+05
1.191865551408294559e+05
1.314299994054145354e+05
1.301096846354486188e+05
1.599786845437161683e+05
1.263587641542046767e+05
1.068818225981761061e+05
1.035090002643993066e+05
9.850090571526989515e+04
6.673278138937994663e+04
9.299886233433851157e+04
9.553726522861310514e+04
9.199121094344183803e+04
7.793434763239578751e+04
6.286073574026863935e+04
7.110724363063099736e+04
6.767653037942601077e+04
6.286033503216224926e+04
5.634287313416713005e+04
9.156180614437258919e+04
1.282031052153780911e+05
8.582678177445611800e+04
1.014679244009139948e+05
1.273114290733034431e+05
8.398083146432686772e+04
1.066336674342605838e+05
1.106626693773512816e+05
1.732330184317976236e+05
1.564210103105551680e+05
2.191968487969985581e+05
1.560338102177448454e+05
2.095710226091323129e+05
1.573586709148930677e+05
5.911398912727587594e+04
1.298403446181363979e+05
2.508886721128126082e+05
2.464885272385032149e+05
2.129679872427571099e+05
1.732330184317982348e+05
1.106626693773514125e+05
1.066336674342612096e+05
7.165588458790660661e+04
1.370693854536550352e+05
1.006411888549454161e+05
9.849512680297129555e+04
7.376238148648783681e+04
1.035482072810729587e+05
5.308492070833301841e+04
4.222960964096637326e+04
4.498371296528849052e+04
6.805332376430842851e+04
6.069893431628871622e+04
7.095365213611374202e+04
6.223786508700618288e+04
7.504934306704935443e+04
8.368607473190141900e+04
6.080493500246605981e+04
7.554063616402086336e+04
4.828413097461099824e+04
6.442043286557809915e+04
9.696394597316267027e+04
1.370773038364092936e+05
7.374497170887270477e+04
7.252142282422436983e+04
1.370693854536543658e+05
1.301096846354475420e+05
7.165588458790621371e+04
1.314299994054141571e+05
2.050963450607862906e+05
2.613442059781678836e+05
2.330170085470210470e+05
2.112993826292621670e+05
1.032404792409678485e+05
1.637840620760444144e+05
1.414271579405425582e+05
2.317751474410600495e+05
2.103630631486771163e+05
2.056611416812072275e+05
1.818834029339741974e+05
2.111245348988380865e+05
8.398083146432702779e+04
1.273114290733028029e+05
7.252142282422448625e+04
7.374497170887286484e+04
1.370773038364093227e+05
7.337339883876271779e+04
7.399795605013312888e+04
8.454925605359392648e+04
6.798576928406022489e+04
5.337237890185673314e+04
4.856939339271225617e+04
4.779831240945257741e+04
5.168474750957166543e+04
4.114864839454121829e+04
4.968994782492307422e+04
5.899646477861385938e+04
3.993551414301379555e+04
5.288893249335560540e+04
6.464040884320152691e+04
6.173475227495018771e+04
7.689772118005153607e+04
7.474372817269993539e+04
7.337339883876276144e+04
7.376238148648786591e+04
9.849512680297126644e+04
1.006411888549452124e+05
1.263587641542043420e+05
1.599786845437161683e+05
1.760468206523927802e+05
1.123327799458799709e+05
1.525321876152491022e+05
1.270766831970252242e+05
1.370846619350861001e+05
1.950344911015580874e+05
1.697215867341673002e+05
1.272696185919184936e+05
1.191865551408293250e+05
8.233481968792974658e+04
1.288323021179505449e+05
1.890118562038943928e+05
1.441052572541084664e+05
2.389809502659472055e+05
1.653574597474636394e+05
1.242420574372751289e+05
1.424702265754469263e+05
1.349043442832617438e+05
1.272765725894666539e+05
1.014679244009138492e+05
1.282031052153783967e+05
9.696394597316291765e+04
7.474372817270019732e+04
4.530686177790465445e+04
8.018807469911625958e+04
7.659271117780322675e+04
6.377495985030256998e+04
5.621071286544536997e+04
6.095602002038378123e+04
3.176568999952243394e+04
5.408765169135452015e+04
4.585119823228858877e+04
3.485493112492394721e+04
2.780874766266617371e+04
4.912858000072272989e+04
4.887875021648376423e+04
4.187087868696650548e+04
6.867782105378253618e+04
8.460865673386528215e+04
4.965370578810439474e+04
4.568992861098937283e+04
4.530686177790459624e+04
7.399795605013327440e+04
1.035482072810729733e+05
1.035090002643992921e+05
1.068818225981758151e+05
1.083916368401263171e+05
7.474395019156709895e+04
1.328475976520927798e+05
1.543212154023260227e+05
1.617784507905024220e+05
1.849834063722610299e+05
1.751102485564808885e+05
3.067222695937114186e+05
1.614352881836685119e+05
4.501166375516055996e+04
1.672737681385430624e+05
1.338100415659706923e+05
1.577663512047850236e+05
1.959753584304274409e+05
1.822474966715127812e+05
1.723848739647828625e+05
1.447871560510698473e+05
1.278772356407057232e+05
1.233947091350468545e+05
1.280538124132815865e+05
1.065421587339781981e+05
8.582678177445623442e+04
9.156180614437269105e+04
6.442043286557813553e+04
7.689772118005173979e+04
4.965370578810447478e+04
8.460865673386548588e+04
6.795215854604235210e+04
5.734526282327791705e+04
7.023108916509464325e+04
4.310950070316670462e+04
4.598866407792944665e+04
3.380032294554071268e+04
5.203769282008970185e+04
4.431871825849286688e+04
3.915151166504210414e+04
3.795757768569568725e+04
4.365225348964540899e+04
7.085833470233567641e+04
7.097689077891466150e+04
6.876827214788430138e+04
6.795215854604246852e+04
7.659271117780351778e+04
8.018807469911644876e+04
4.568992861098956200e+04
8.454925605359385372e+04
5.308492070833312027e+04
9.850090571527021530e+04
1.053513612842182483e+05
1.120156363486243208e+05
1.107555452003224927e+05
1.120284308263346611e+05
1.583961724780992081e+05
1.105323878729030548e+05
1.817106817589214770e+05
1.132001487584812567e+05
1.932414791977039713e+05
2.691881830702264560e+05
1.167930190051714599e+05
1.164159468553029583e+05
2.580694781597129186e+05
2.239543295236201084e+05
2.202907955197576084e+05
1.371831322258805740e+05
1.420608658456577978e+05
1.736051795798663516e+05
1.164116843805947574e+05
1.027106263679247350e+05
7.262478959250730986e+04
1.039230997102922411e+05
9.484822910959779983e+04
5.634287313416713005e+04
6.286033503216212557e+04
4.828413097461099824e+04
6.173475227495025320e+04
6.463511399155190884e+04
6.816771981620637234e+04
6.876827214788433048e+04
3.244088465211995208e+04
3.530993088967860967e+04
6.250377307820700662e+04
4.591171323775721976e+04
4.977694763992832304e+04
3.045712842039763564e+04
2.717494723500448526e+04
3.931192862967622932e+04
2.988908067679623127e+04
5.057361230279891606e+04
4.873934885062776448e+04
5.527026853469180060e+04
3.549410909128376807e+04
3.547853205772455112e+04
4.318229647175224818e+04
3.244088465211998482e+04
5.734526282327810623e+04
6.377495985030273732e+04
4.501166375516048720e+04
6.798576928405994840e+04
4.222960964096648968e+04
6.673278138938012125e+04
6.579420867767062737e+04
1.451155843290151388e+05
9.235239038189993880e+04
1.389245427767453366e+05
9.361976739783657831e+04
1.169943532597628218e+05
1.403199534958394943e+05
1.507166668900027289e+05
1.374959157675164752e+05
1.489482924218325934e+05
1.292800854268076655e+05
1.451015011970070482e+05
1.109558234217811842e+05
9.257998531120421831e+04
1.387419403801955341e+05
1.672122915440404322e+05
1.352366078047442134e+05
1.493681885564934346e+05
1.080961771129405970e+05
1.078808637097810715e+05
1.463208200672906532e+05
9.977825580775900744e+04
1.385614045406225487e+05
1.296204566555447964e+05
1.401174763930904155e+05
9.311608391762276005e+04
6.767653037942558876e+04
7.554063616402080515e+04
5.309857745101271576e+04
4.219914492876096483e+04
7.237778851584074437e+04
6.822428727349371184e+04
3.547853205772454385e+04
4.318229647175228456e+04
5.189860871037717880e+04
3.454318831261280866e+04
4.330587786503895768e+04
2.564105929247976019e+04
3.410477788108272944e+04
4.969034980099387758e+04
4.632122338478823076e+04
3.712357118858730246e+04
3.104408458478909597e+04
4.802886942269054998e+04
5.161826463219849393e+04
6.250377307820664282e+04
7.023108916509461415e+04
5.621071286544528266e+04
5.337237890185666765e+04
6.805332376430826844e+04
9.299886233433823509e+04
8.588032267231625156e+04
9.123967665480874712e+04
1.130907101477989490e+05
8.779550334158932674e+04
1.115545370217442978e+05
1.528052983962291037e+05
1.177174083001701219e+05
1.772585680186768877e+05
1.074975131135477131e+05
1.523779284360024321e+05
1.646939087029526418e+05
2.653684397949642735e+05
1.682361830590353929e+05
8.058711339407469495e+04
3.530993088967848598e+04
4.498371296528843231e+04
1.451343287791916810e+05
1.463806744506369869e+05
2.563380572772334854e+05
1.758063559500496776e+05
2.082162888056298252e+05
1.912241815966537688e+05
1.373970050616571098e+05
1.394122574758592236e+05
8.867817808492678159e+04
1.075462762256014103e+05
1.240414239712961280e+05
7.791439485311729368e+04
5.911398912727562129e+04
7.110724363063069177e+04
6.082077486748718366e+04
4.006421093228947575e+04
4.975602480236598058e+04
5.200555370702620712e+04
5.387808325713599334e+04
4.859121157380378281e+04
4.288848449827542208e+04
4.920776896514180407e+04
3.524974405575184937e+04
2.983447612751588167e+04
3.696361808438791923e+04
3.059519911598158797e+04
2.704979176441370510e+04
3.098518185898581578e+04
2.350601507951076928e+04
2.418479609348441591e+04
3.568834063039061584e+04
3.892540740183113667e+04
3.683852824468907784e+04
3.648781521413446171e+04
2.962687364844335389e+04
3.420398887451254268e+04
4.591171323775708879e+04
4.310950070316658093e+04
6.095602002038355567e+04
4.856939339271205972e+04
6.069893431628862163e+04
9.553726522861311969e+04
7.428156836681290588e+04
7.265560978427498776e+04
5.753204996584731998e+04
9.838426306368582300e+04
1.142369388112036686e+05
1.053273841151000815e+05
1.934006835378253018e+05
1.571035920320727455e+05
9.570581813552550739e+04
2.269147182224161807e+05
2.017107220941629785e+05
2.264840890215078252e+05
1.555573142007939750e+05
9.356864945901060128e+04
9.641447839198437578e+04
1.777277035671943449e+05
3.717694593879849999e+05
1.707060525111790630e+05
2.328722413931021583e+05
1.715204135149983631e+05
1.252259890472454863e+05
8.743436642802201095e+04
1.120252308537587523e+05
9.897849524824267428e+04
7.638218673289529397e+04
8.726011784074071329e+04
8.348947774425780517e+04
1.292117308917651681e+05
6.286073574026862480e+04
8.371175344597996445e+04
5.908962874846585328e+04
4.972125435396849207e+04
2.780606234671653874e+04
2.781041008662179956e+04
4.726205364009235927e+04
3.470828412921739800e+04
2.544392458361605895e+04
4.054158494404997327e+04
4.208861921656488994e+04
3.372532456398728391e+04
3.189392720247195030e+04
2.485622763001583371e+04
3.540234542814952147e+04
2.989338822627456466e+04
4.453902289957155153e+04
3.961104496087255393e+04
3.347328241793678899e+04
3.061930613630909647e+04
4.324417101981249289e+04
4.977694763992841763e+04
4.598866407792956306e+04
3.380032294554072723e+04
3.176568999952216836e+04
4.779831240945246827e+04
7.095365213611375657e+04
9.199121094344209996e+04
5.512587552636930195e+04
9.196218954461959947e+04
5.811391553331162140e+04
1.337875973441308015e+05
1.125179604138322611e+05
1.618757831259898667e+05
1.635537015594036784e+05
1.875023342796841171e+05
2.324936557607394643e+05
1.240215017287579540e+05
1.570625515482517076e+05
2.425441519997792202e+05
1.647458775946027017e+05
1.319269809134369716e+05
1.497870607268524473e+05
1.372523246508676093e+05
3.375412652479325188e+05
1.936008318575972808e+05
2.650241771647131536e+05
2.455387395221631159e+05
1.875497024248788948e+05
1.406313938039240893e+05
1.312334270748740237e+05
1.268345339822820388e+05
9.847405411112816364e+04
9.250363388787436998e+04
1.099740814282997744e+05
7.829385287957827677e+04
7.793434763239580207e+04
7.504934306704945629e+04
6.231968750148516847e+04
3.951435505145203933e+04
4.176521568362759717e+04
3.653713432264400763e+04
5.051905198528850451e+04
2.943996495763208804e+04
3.789070464830916899e+04
4.655153232422788278e+04
3.749816819865330035e+04
4.066468974969664851e+04
4.315006126724751084e+04
2.827391615387974889e+04
2.406018436628771451e+04
4.134247744453701307e+04
3.967270023749894608e+04
3.070675207301753107e+04
2.687023429908921389e+04
3.410477788108274399e+04
3.045712842039765019e+04
5.203769282008981827e+04
5.408765169135438919e+04
5.168474750957163633e+04
6.223786508700629929e+04
7.504934306704947085e+04
7.793434763239584572e+04
7.829385287957832043e+04
5.505997898734743649e+04
9.025584928334984579e+04
2.269166815498373762e+04
2.564374047507114301e+04
1.099740814282997162e+05
9.250363388787415170e+04
7.969212884412519634e+04
1.119080753576825518e+05
1.326992118380282773e+05
1.409439123203537893e+05
1.060279098119123082e+05
1.312176312714159139e+05
2.455387395221620682e+05
2.650241771647129208e+05
3.375412652479315875e+05
1.372523246508672310e+05
1.319269809134370007e+05
1.647458775946024689e+05
2.425441519997802679e+05
1.570625515482519695e+05
2.324936557607401046e+05
1.312176312714171072e+05
1.060279098119129048e+05
1.409439123203541094e+05
1.326992118380284519e+05
1.119080753576826683e+05
7.969212884412547282e+04
1.337875973441313836e+05
9.196218954461961403e+04
5.505997898734740738e+04
9.199121094344220182e+04
7.122681812572588387e+04
5.153615629465880193e+04
5.093037814505559800e+04
5.536190625036547863e+04
3.394573973545811896e+04
3.692207445015916892e+04
4.370141248354638083e+04
2.229754954083753546e+04
2.376487445934675998e+04
4.040667622001539712e+04
4.147839466957633704e+04
2.290517882287389511e+04
3.749649405298618512e+04
4.150494751130790974e+04
1.669393366364802932e+04
3.007767559710564819e+04
3.850683053873742756e+04
2.438646375905497916e+04
3.091787483760851319e+04
4.967356940754704556e+04
2.717494723500447435e+04
4.431871825849287416e+04
4.585119823228861060e+04
4.114864839454126195e+04
4.968994782492319791e+04
5.899646477861394669e+04
8.368607473190137534e+04
6.286073574026866845e+04
1.292117308917652408e+05
8.348947774425787793e+04
8.726011784074075695e+04
9.847405411112788715e+04
9.942746829586895183e+04
1.312334270748740819e+05
1.406313938039228087e+05
1.875497024248771195e+05
2.328722413931012852e+05
3.717694593879836029e+05
1.936008318575963203e+05
9.641447839198404108e+04
9.942746829586852982e+04
9.356864945900969906e+04
1.555573142007940041e+05
2.264840890215079125e+05
1.497870607268526219e+05
2.269147182224161224e+05
1.240215017287582305e+05
1.875023342796844081e+05
1.635537015594040276e+05
1.618757831259903032e+05
1.125179604138324794e+05
9.838426306368569203e+04
5.753204996584764740e+04
5.811391553331218893e+04
7.428156836681299319e+04
9.558064268124439695e+04
6.125717063976819918e+04
4.885590294474352413e+04
3.225630381297211716e+04
3.329778910801299207e+04
4.682821967909402883e+04
5.043298358927188383e+04
3.346537867128977086e+04
3.365732864541123854e+04
3.383750731182324671e+04
2.952992719318097807e+04
2.208598579330315988e+04
2.286912881390430994e+04
3.486843792269402184e+04
4.314740213098371169e+04
3.481489071449222683e+04
2.673283745023907250e+04
3.329702064520048589e+04
3.199568735053878117e+04
2.426029169442966668e+04
2.352822263698944880e+04
5.512587552636930195e+04
2.344906509677998474e+04
3.930876298814316397e+04
3.913995921437197831e+04
3.485493112492390355e+04
2.780874766266618462e+04
4.912858000072283176e+04
4.887875021648398979e+04
3.993551414301389741e+04
6.080493500246593612e+04
7.110724363063074998e+04
5.911398912727581046e+04
7.791439485311725002e+04
1.240414239712961862e+05
7.638218673289536673e+04
1.268345339822821261e+05
1.120252308537581994e+05
8.743436642802137067e+04
9.025584928334949655e+04
1.715204135149985959e+05
2.082162888056291849e+05
1.707060525111787720e+05
2.563380572772331070e+05
1.451343287791913608e+05
1.777277035671936173e+05
4.706873477972901310e+04
1.682361830590342579e+05
2.653684397949627601e+05
2.017107220941610576e+05
1.523779284360022284e+05
1.074975131135480915e+05
9.570581813552480889e+04
1.571035920320710866e+05
1.934006835378251853e+05
1.053273841151002853e+05
1.142369388112034067e+05
1.130907101477985416e+05
9.123967665480864525e+04
7.265560978427533701e+04
9.299885881279160094e+04
6.819062416611172375e+04
5.342078907208588498e+04
4.912211797382074292e+04
6.116950859360201139e+04
4.310950070316655911e+04
4.593986342355152738e+04
4.355435913994535076e+04
2.608935163093513984e+04
2.799017073617217829e+04
2.573357080539812159e+04
4.089856024496178725e+04
2.865437596547590147e+04
2.204842716633676173e+04
2.538006409116002033e+04
3.787580568931977177e+04
2.653518969041149467e+04
4.181931923792163434e+04
3.857330523139330035e+04
3.517998519265178766e+04
3.702375489773080335e+04
4.980735068325769680e+04
3.772015428712157154e+04
2.973619006194337999e+04
4.365225348964541627e+04
7.085833470233580738e+04
4.187087868696675287e+04
5.288893249335579458e+04
7.554063299732556334e+04
6.767653037942573428e+04
9.311608391762270185e+04
1.401174763930900372e+05
1.075462762256014830e+05
9.897849524824235414e+04
1.394122574758586707e+05
1.252259890472460247e+05
1.912241815966540598e+05
1.080961771129410190e+05
1.493681885564937838e+05
1.758063559500500560e+05
1.672122915440412180e+05
1.463806744506370742e+05
9.257998531120480038e+04
1.109558234217800782e+05
1.451015011970059713e+05
1.292800854268075782e+05
1.646939087029526418e+05
1.374959157675180759e+05
1.507166668900042714e+05
1.772585680186752579e+05
1.177174083001699473e+05
1.528052983962292201e+05
1.115545370217438322e+05
8.779550334158883197e+04
1.451155843290146440e+05
8.588032267231639707e+04
6.673314050771496841e+04
4.498495116699229402e+04
6.800404202150128549e+04
4.501682892153982539e+04
5.620053160232353548e+04
7.023108916509449773e+04
6.250377307820668648e+04
3.418170603101329471e+04
2.966335185240592909e+04
3.653724997371213249e+04
3.052759430592157514e+04
3.085712746407842496e+04
4.155618846340520395e+04
3.912138331904122606e+04
2.384061881096330762e+04
3.006506044189663589e+04
4.267188223841110448e+04
3.856574038799114351e+04
3.802723736455242033e+04
3.459301883288724639e+04
2.695028790857674539e+04
4.570505050842056517e+04
5.480375667798509676e+04
7.204824478591930529e+04
6.867540784516002168e+04
6.464035262762975617e+04
6.173460000911382667e+04
4.828411369526620547e+04
6.286033503216232930e+04
5.634287313416710822e+04
9.484822910959759611e+04
1.039230997102918773e+05
1.296204566555445781e+05
8.867817808492666518e+04
1.385614045406227233e+05
1.373970050616575172e+05
1.463208200672914681e+05
1.078808637097821338e+05
1.371831322258815053e+05
2.202907955197586562e+05
1.352366078047446790e+05
2.580694781597138208e+05
1.164159468553032784e+05
1.387419403801961744e+05
1.167930190051710524e+05
2.691881830702260486e+05
1.489482924218328553e+05
1.132001487584821007e+05
1.817106817589229031e+05
1.403199534958398726e+05
1.169943532597628073e+05
9.361976739783656376e+04
1.389245427767449873e+05
9.235239038189951680e+04
1.120156363486240589e+05
1.053513612842178845e+05
6.579420867767048185e+04
9.850116491702936764e+04
4.223207596217487298e+04
5.308732282777019282e+04
8.454919657544240181e+04
6.377495985030265001e+04
5.734526282327800436e+04
3.530993088967846415e+04
4.318229647175226273e+04
5.161859170890811220e+04
4.804112628378266527e+04
3.683799240949979139e+04
3.345407892072436516e+04
3.926074282584631146e+04
4.432022120354055369e+04
2.296106968378775855e+04
3.650090751389496290e+04
2.567258509486258117e+04
3.227116481958738950e+04
3.474988656618995446e+04
3.673140861627191043e+04
3.558010631274448679e+04
4.239356171173788607e+04
3.503199363445195195e+04
6.839375000794063089e+04
8.460473034973052563e+04
4.965352206453751569e+04
7.689771139897180547e+04
6.442043286557828833e+04
9.156180614437269105e+04
1.065421587339781108e+05
1.280538124132815137e+05
7.262478959250719345e+04
8.058711339407466585e+04
1.164116843805953104e+05
1.736051795798667299e+05
1.420608658456584963e+05
1.822474966715128685e+05
1.959753584304285469e+05
2.239543295236219419e+05
1.672737681385437609e+05
9.977825580775951676e+04
1.614352881836681918e+05
3.067222695937113022e+05
1.932414791977041750e+05
1.849834063722606516e+05
1.617784507905027713e+05
1.583961724780994700e+05
1.120284308263341663e+05
1.107555452003224054e+05
1.083916368401266373e+05
1.068818225981756987e+05
1.035090002643993212e+05
1.035484194646934920e+05
7.399795605013318709e+04
7.659271117780335771e+04
6.795215854604246852e+04
3.244088465211994480e+04
6.876827214788434503e+04
3.547853205772465299e+04
3.549410909128385538e+04
4.873934885062772082e+04
3.104345412791562558e+04
3.711898907433708519e+04
3.567697885027516895e+04
3.015534824444349579e+04
2.350324865198437692e+04
3.103375049292423137e+04
3.061313634686385194e+04
3.410058025756286952e+04
3.982983968169228319e+04
3.805803884205498616e+04
4.148277848018305667e+04
3.928258881589869998e+04
3.242452092558062213e+04
6.794515462345769629e+04
8.018802838192858326e+04
4.568992861098932917e+04
7.474372817270009546e+04
9.696394597316284489e+04
1.282031052153779019e+05
8.582678177445611800e+04
1.272765725894666684e+05
1.233947091350468836e+05
1.027106263679251424e+05
1.278772356407063780e+05
1.447871560510702548e+05
1.723848739647825714e+05
2.389809502659470018e+05
1.441052572541085829e+05
1.577663512047856057e+05
1.338100415659710707e+05
8.233481968792971747e+04
1.105323878729034914e+05
3.886982626904117933e+04
1.272696185919183190e+05
1.697215867341674166e+05
1.950344911015584366e+05
1.751102485564804520e+05
1.270766831970234925e+05
1.525321876152482000e+05
1.543212154023263138e+05
1.328475976520928671e+05
7.474395019156682247e+04
1.599786845437165175e+05
1.263587641542046040e+05
9.849512680297125189e+04
7.376238148648783681e+04
7.337339883876258682e+04
4.530686177790471265e+04
8.018807469911652151e+04
8.460865673386538401e+04
6.867782105378259439e+04
7.097689077891480702e+04
5.527026853469177149e+04
5.057337391234179086e+04
4.627058596880209370e+04
4.912009027222044097e+04
3.557771138545661961e+04
4.074145669378128514e+04
5.623471879534446634e+04
3.543776983781723538e+04
6.037543426803391776e+04
3.486901974980571686e+04
5.734448507408329169e+04
7.659271117780340137e+04
7.399795605013312888e+04
4.530686177790455258e+04
7.337339883876277599e+04
1.370773038364091481e+05
7.374497170887250104e+04
1.014679244009138056e+05
1.273114290733030066e+05
1.349043442832612782e+05
1.424702265754473337e+05
1.242420574372748088e+05
1.653574597474627953e+05
2.056611416812067037e+05
2.103630631486769416e+05
1.890118562038939563e+05
1.414271579405418597e+05
1.288323021179502539e+05
2.418639479530237804e+04
1.032404792409679212e+05
2.112993826292617596e+05
2.330170085470203485e+05
2.613442059781671269e+05
1.370846619350852270e+05
1.123327799458801746e+05
1.760468206523932749e+05
1.301096846354482113e+05
1.370693854536552681e+05
1.006411888549453870e+05
1.370773038364094682e+05
7.474372817270031373e+04
4.568992861098959111e+04
4.965370578810441657e+04
6.173475227495018044e+04
6.464040884320158511e+04
4.187087868696669466e+04
7.085833470233582193e+04
4.365225348964548175e+04
3.795757768569567997e+04
2.988908067679621308e+04
3.926610321446239686e+04
2.717117498302933018e+04
2.812516315960751308e+04
4.215934859718553344e+04
4.552035665230955055e+04
4.402433525088509487e+04
7.006101501969732635e+04
6.377524631315879378e+04
8.454926502629372408e+04
1.035482082693663106e+05
7.376238148648790957e+04
9.849512680297122279e+04
1.006411888549452706e+05
1.370693854536543950e+05
7.252142282422448625e+04
7.165588458790609729e+04
8.398083146432678041e+04
2.111245348988373880e+05
1.818834029339728586e+05
2.129679872427562368e+05
2.464885272385026619e+05
2.317751474410591763e+05
1.298403446181358595e+05
1.573586709148937080e+05
1.637840620760445890e+05
1.560338102177447872e+05
2.191968487969986454e+05
2.050963450607870182e+05
1.191865551408299798e+05
1.314299994054145936e+05
1.066336674342608021e+05
7.165588458790654840e+04
1.273114290733030793e+05
7.252142282422442804e+04
7.374497170887273387e+04
1.282031052153782948e+05
9.696394597316323780e+04
7.689772118005182710e+04
4.828413097461096913e+04
7.554063616402079060e+04
5.288893249335580913e+04
4.887875021648392431e+04
4.912858000072283903e+04
2.780874766266626830e+04
3.485493112492396176e+04
3.915151166504210414e+04
4.431425371633433679e+04
4.880117538847629476e+04
3.378511417951591284e+04
6.096526644516034867e+04
5.621116218284466595e+04
4.501174312218611158e+04
6.798578847276090528e+04
5.308492537035994610e+04
9.850090549712028587e+04
1.035090002643993066e+05
1.068818225981758587e+05
1.263587641542044294e+05
1.599786845437158481e+05
1.301096846354476293e+05
1.066336674342608312e+05
1.106626693773511652e+05
1.732330184317975945e+05
1.564210103105550515e+05
3.185130016848163796e+05
2.508886721128123754e+05
1.319722964478841168e+05
1.118617912332544074e+05
2.095710226091335062e+05
3.185130016848173691e+05
1.564210103105560411e+05
1.732330184317985550e+05
1.106626693773515581e+05
2.111245348988376500e+05
1.349043442832617438e+05
1.272765725894662901e+05
8.582678177445595793e+04
1.065421587339777616e+05
9.156180614437248732e+04
6.442043286557813553e+04
6.286033503216202371e+04
6.767653037942566152e+04
6.080493500246592157e+04
3.993551414301392651e+04
5.899646477861385210e+04
4.968994782492314698e+04
4.114864839454130561e+04
4.585119823228866153e+04
5.408514214510584134e+04
3.176264105883446609e+04
4.856771055334872653e+04
5.337215859879360505e+04
6.805326726702517772e+04
4.498370670266120578e+04
4.222960861730047327e+04
6.673278131568618119e+04
6.579420867767077289e+04
1.053513612842186121e+05
1.120156363486244954e+05
1.083916368401261134e+05
7.474395019156657509e+04
1.328475976520930417e+05
1.760468206523933914e+05
1.314299994054142153e+05
2.050963450607858540e+05
2.191968487969980924e+05
1.560338102177449618e+05
2.095710226091334771e+05
1.118617912332546694e+05
1.865564202859280049e+05
8.398083146432673675e+04
1.014679244009135728e+05
1.319722964478840295e+05
2.508886721128133358e+05
1.865564202859281795e+05
2.464885272385036224e+05
2.129679872427570226e+05
1.818834029339737899e+05
1.242420574372746923e+05
1.424702265754477121e+05
1.233947091350476258e+05
1.280538124132812227e+05
1.039230997102920519e+05
9.484822910959743604e+04
9.311608391762262909e+04
5.911398912727556308e+04
7.110724363063057535e+04
8.368607473190133169e+04
7.504934306704938354e+04
6.223786508700616105e+04
5.168474750957156357e+04
4.779768975339367171e+04
6.069887927625352313e+04
9.553726522861309058e+04
9.299886097773289657e+04
8.588032267231629521e+04
1.451155843290154589e+05
9.235239038190005522e+04
1.107555452003222308e+05
1.120284308263342100e+05
1.583961724780995282e+05
1.543212154023270123e+05
1.123327799458802183e+05
2.613442059781674179e+05
1.191865551408292959e+05
5.634287313416686811e+04
2.330170085470206977e+05
1.637840620760456950e+05
1.573586709148943191e+05
1.298403446181361651e+05
2.317751474410599913e+05
2.103630631486776401e+05
2.056611416812074312e+05
1.653574597474633483e+05
1.447871560510701675e+05
1.278772356407070329e+05
1.027106263679247786e+05
7.262478959250707703e+04
1.296204566555446363e+05
1.401174763930905028e+05
7.791439485311716271e+04
1.292117308917648770e+05
6.286073574026829010e+04
7.793434763239559834e+04
9.199121094344201265e+04
7.095365213611366926e+04
7.428156836681312416e+04
7.265560978427517693e+04
9.123967665480844153e+04
1.130907101477987744e+05
8.779550334158948681e+04
1.389245427767451620e+05
9.361976739783640369e+04
1.169943532597625890e+05
1.105323878729032003e+05
1.617784507905027422e+05
1.525321876152490440e+05
1.270766831970254425e+05
1.370846619350862165e+05
1.950344911015577964e+05
2.112993826292623999e+05
1.032404792409677757e+05
5.512587552636933106e+04
1.414271579405426746e+05
1.890118562038945965e+05
1.441052572541085246e+05
2.389809502659476129e+05
1.723848739647833863e+05
1.736051795798671083e+05
1.164116843805947574e+05
1.385614045406220830e+05
8.867817808492649056e+04
1.075462762256014685e+05
1.240414239712961426e+05
8.348947774425786338e+04
1.099740814282999781e+05
9.196218954461989051e+04
5.811391553331213072e+04
5.753204996584756009e+04
9.838426306368576479e+04
1.142369388112033193e+05
1.115545370217441814e+05
1.528052983962289291e+05
1.177174083001700346e+05
1.403199534958394070e+05
1.817106817589219718e+05
1.849834063722610590e+05
1.751102485564808012e+05
3.067222695937115350e+05
1.272696185919187119e+05
1.697215867341669509e+05
8.058711339407430205e+04
7.829385287957814580e+04
5.505997898734732007e+04
8.233481968793019769e+04
1.288323021179511707e+05
1.577663512047853728e+05
1.959753584304270335e+05
1.822474966715122573e+05
1.420608658456580597e+05
1.463208200672908279e+05
9.977825580775892013e+04
1.373970050616571098e+05
1.394122574758592818e+05
9.897849524824232503e+04
7.638218673289516300e+04
8.726011784074062598e+04
9.250363388787441363e+04
1.337875973441315000e+05
1.125179604138324212e+05
1.618757831259894883e+05
1.934006835378251853e+05
1.053273841150998196e+05
1.772585680186763057e+05
1.507166668900039513e+05
1.374959157675174356e+05
1.132001487584817369e+05
1.932414791977043496e+05
2.691881830702267471e+05
1.614352881836688612e+05
1.672737681385439355e+05
1.338100415659714199e+05
2.239543295236202248e+05
2.202907955197567062e+05
1.371831322258808941e+05
1.078808637097814935e+05
1.912241815966531285e+05
1.252259890472451661e+05
8.743436642802236020e+04
1.120252308537584759e+05
1.268345339822821552e+05
9.847405411112829461e+04
1.119080753576825809e+05
1.326992118380287138e+05
1.635537015594039694e+05
1.571035920320720470e+05
9.570581813552521635e+04
1.074975131135488045e+05
1.523779284360027814e+05
1.646939087029522634e+05
1.292800854268075200e+05
1.451015011970071937e+05
1.167930190051715763e+05
7.969212884412561834e+04
1.489482924218327680e+05
1.164159468553036859e+05
2.580694781597134133e+05
1.352366078047438932e+05
1.493681885564931436e+05
2.082162888056289521e+05
1.715204135149971698e+05
9.025584928334923461e+04
1.406313938039236818e+05
1.312334270748744893e+05
1.409439123203542840e+05
1.875023342796842335e+05
1.240215017287575902e+05
2.269147182224156277e+05
2.017107220941614942e+05
2.653684397949643899e+05
1.109558234217814461e+05
1.080961771129408153e+05
9.942746829586921376e+04
9.257998531120481493e+04
1.387419403801964072e+05
1.672122915440408688e+05
1.758063559500494739e+05
1.707060525111792085e+05
2.328722413931017800e+05
1.875497024248775560e+05
1.312176312714163796e+05
2.324936557607389113e+05
1.570625515482511255e+05
1.497870607268520980e+05
2.264840890215075924e+05
1.682361830590355385e+05
1.060279098119126575e+05
1.451343287791920011e+05
1.463806744506373361e+05
2.563380572772342712e+05
3.717694593879853492e+05
2.650241771647131536e+05
2.455387395221625629e+05
2.425441519997787254e+05
1.555573142007937131e+05
9.356864945901067404e+04
9.641447839198431757e+04
1.936008318575970770e+05
3.375412652479320532e+05
1.319269809134372044e+05
1.647458775946024689e+05
1.777277035671944905e+05
1.372523246508675220e+05
