2.745046493017345201e+05
2.638539618268740014e+05
6.750825304958630586e+05
3.872016637151924660e+05
1.928289567839680240e+05
1.871372989180198929e+05
3.294917551892051124e+05
4.850883039995603031e+05
5.300483543294260744e+05
7.435389187759672059e+05
3.554554071343868272e+05
2.902686575583823724e+05
3.364723661180697964e+05
3.111146284015873680e+05
4.529681780430164654e+05
2.995741214537047781e+05
3.141251030965032987e+05
4.649873115214795107e+05
4.910774790443250677e+05
4.657444827862039092e+05
3.414121050223581842e+05
5.126761145544661558e+05
2.927613489012743812e+05
1.851599706224095717e+05
2.219116468435611459e+05
5.307368795899258694e+05
4.034214441883203108e+05
4.538294364448303240e+05
2.480430034575166355e+05
3.750046685593680013e+05
2.624352625428329920e+05
3.750994048497558106e+05
3.430408270299953874e+05
4.164325776112583699e+05
3.516127119000996463e+05
3.344245830880824942e+05
2.774838807603926398e+05
2.328318937106064986e+05
2.335860380103411153e+05
2.902030023940121755e+05
2.585601708536137012e+05
3.293878174059045268e+05
3.047558568720056792e+05
2.149950262270971434e+05
1.914116362710499379e+05
3.142071840641418821e+05
3.271074031188074150e+05
2.818878246407068800e+05
2.812627876078462577e+05
1.805116985666981782e+05
2.504519780944894301e+05
3.824483631933077704e+05
2.161923542258822708e+05
2.987363771129869856e+05
2.704732156094887177e+05
5.161389563194276998e+05
3.345475362770874635e+05
2.120558196238248493e+05
3.228705763673349284e+05
5.383763661404500017e+05
2.978965848436662927e+05
2.749918315350387129e+05
3.014333337800096488e+05
3.545171360373504576e+05
3.868013670756493811e+05
3.237515662519798498e+05
2.653984236760554486e+05
2.624668541497465339e+05
2.240504617075164861e+05
1.748687328560432070e+05
2.788245149517171667e+05
2.747940101233145688e+05
2.926416401345839258e+05
2.157617274195642967e+05
2.743662644517626031e+05
4.405815910395170213e+05
4.479086590472433600e+05
2.676200831319421413e+05
1.646696393758594058e+05
2.545392371838369290e+05
6.134445391874216730e+05
3.864829583954073023e+05
2.264002975169639103e+05
3.634213635178442928e+05
2.806399069916788721e+05
2.354348166003392253e+05
3.056105967924580909e+05
2.106547682302003668e+05
2.284738776224075700e+05
2.250359208276651625e+05
2.238161507153648417e+05
1.988549365917363320e+05
2.536690679645637283e+05
1.979569904964850575e+05
1.773563561698536796e+05
2.771228090812450391e+05
1.995565116155193828e+05
3.472103591597357299e+05
2.841217316913173418e+05
3.644949933430252131e+05
3.919507168608570355e+05
3.155327024095708621e+05
2.576646042359003914e+05
2.828543158810834284e+05
2.064809584819348529e+05
3.394431734683345421e+05
3.900689822031171643e+05
3.502204971129613696e+05
3.699668127445221180e+05
3.235569015810060082e+05
2.210647757458057313e+05
2.339887065195250907e+05
1.872395347956733603e+05
2.778490855534903239e+05
2.231090740434890322e+05
2.261814202955980727e+05
1.967685261273715878e+05
2.675751946882628836e+05
1.593842576882511494e+05
1.969481082222560071e+05
1.745202356814809609e+05
1.527643734657905297e+05
2.150925524512034608e+05
2.592409133110897092e+05
1.611742267881490989e+05
2.328233687611911737e+05
2.557544712814148807e+05
2.895743121021421975e+05
3.447697479295660742e+05
4.779619005318934796e+05
2.882105145082172239e+05
3.780237124077879707e+05
4.635502948821189348e+05
2.596806892362720391e+05
3.147173418297885801e+05
4.225987652585237520e+05
4.660340170940419775e+05
2.741693238701723749e+05
2.541533663940497208e+05
3.050643752304980299e+05
3.086424308046526276e+05
3.167923449561989983e+05
2.240568616526683327e+05
2.215110904006442288e+05
1.847047807637998194e+05
1.755910066831790027e+05
2.902311686580309179e+05
1.824793533096165047e+05
1.150640999316943635e+05
1.162278310666239850e+05
1.839243790892386169e+05
2.199481628565993451e+05
1.669789554885151447e+05
1.850072677757486235e+05
2.480828479425915575e+05
2.802349527861807146e+05
2.078461994205835508e+05
1.452495791850138630e+05
2.054212527358490624e+05
2.467894182700949314e+05
2.849404531508964137e+05
2.484841148745489190e+05
3.307149194949263474e+05
4.113222833624129998e+05
4.207261262973535922e+05
4.929770544770058477e+05
5.017773442256278358e+05
2.639445928957689321e+05
2.237235824665100081e+05
4.191420452182690497e+05
3.275681241520915646e+05
3.120676204354902147e+05
4.383936975939961849e+05
5.226884119563347194e+05
2.246655598917594471e+05
3.520936413047856186e+05
2.656951953041855595e+05
1.494879003831331502e+05
2.167832736802528671e+05
2.240312726972492528e+05
2.107027225684370787e+05
1.315884173553416331e+05
1.717606453446323867e+05
1.453112195685497136e+05
1.485631367336257827e+05
1.102517510527375271e+05
1.101199579746943491e+05
1.565877057591562916e+05
2.584234617835299578e+05
1.558287897062345000e+05
1.862321678352458111e+05
1.896964582191951049e+05
2.130843174679556105e+05
2.561076248265608738e+05
2.545531451789332787e+05
2.698086885665241280e+05
4.222490697976733791e+05
3.637668058679457754e+05
4.259359744855125318e+05
6.370260033696345054e+05
3.731128405718577560e+05
2.237235824665079999e+05
2.639445928957677679e+05
3.731128405718560098e+05
6.370260033696342725e+05
3.128420206211112672e+05
4.101926901215721737e+05
2.383731102816589409e+05
2.628599988108290709e+05
2.602193692708972085e+05
3.199573690874323365e+05
2.527175283084093244e+05
2.137636451963521831e+05
2.070180005287986132e+05
1.970018114305397903e+05
1.334655627787598933e+05
1.859977246686770814e+05
1.910745304572261812e+05
1.839824218868836469e+05
1.558686952647915750e+05
1.257214714805372932e+05
1.422144872612619656e+05
1.353530607588519633e+05
1.257206700643244840e+05
1.126857462683342746e+05
1.831236122887451493e+05
2.564062104307562113e+05
1.716535635489122069e+05
2.029358488018280477e+05
2.546228581466068281e+05
1.679616629286537936e+05
2.132673348685211968e+05
2.213253387547025341e+05
3.464660368635951891e+05
3.128420206211103359e+05
4.383936975939970580e+05
3.120676204354896909e+05
4.191420452182645677e+05
3.147173418297860189e+05
1.182279782545517373e+05
2.596806892362727667e+05
5.017773442256251583e+05
4.929770544770065462e+05
4.259359744855141034e+05
3.464660368635964114e+05
2.213253387547027960e+05
2.132673348685224482e+05
1.433117691758131841e+05
2.741387709073099541e+05
2.012823777098908031e+05
1.969902536059426202e+05
1.475247629729756736e+05
2.070964145621459465e+05
1.061698414166660368e+05
8.445921928193273197e+04
8.996742593057696649e+04
1.361066475286168861e+05
1.213978686325774033e+05
1.419073042722275131e+05
1.244757301740123658e+05
1.500986861340986798e+05
1.673721494638028380e+05
1.216098700049321051e+05
1.510812723280417267e+05
9.656826194922201103e+04
1.288408657311562129e+05
1.939278919463252823e+05
2.741546076728185290e+05
1.474899434177454677e+05
1.450428456484487397e+05
2.741387709073086153e+05
2.602193692708950257e+05
1.433117691758124274e+05
2.628599988108283724e+05
4.101926901215724647e+05
5.226884119563355343e+05
4.660340170940421522e+05
4.225987652585243341e+05
2.064809584819356678e+05
3.275681241520888871e+05
2.828543158810850582e+05
4.635502948821200407e+05
4.207261262973542325e+05
4.113222833624144550e+05
3.637668058679483947e+05
4.222490697976762312e+05
1.679616629286540847e+05
2.546228581466055766e+05
1.450428456484489725e+05
1.474899434177457588e+05
2.741546076728185872e+05
1.467467976775254356e+05
1.479959121002662578e+05
1.690985121071877948e+05
1.359715385681204498e+05
1.067447578037134663e+05
9.713878678542448324e+04
9.559662481890514027e+04
1.033694950191433309e+05
8.229729678908245114e+04
9.937989564984614844e+04
1.179929295572277188e+05
7.987102828602760565e+04
1.057778649867112254e+05
1.292808176864030393e+05
1.234695045499003900e+05
1.537954423601030721e+05
1.494874563453998708e+05
1.467467976775255520e+05
1.475247629729757318e+05
1.969902536059425911e+05
2.012823777098904247e+05
2.527175283084086841e+05
3.199573690874322783e+05
3.520936413047855604e+05
2.246655598917599127e+05
3.050643752304981463e+05
2.541533663940504193e+05
2.741693238701722003e+05
3.900689822031162912e+05
3.394431734683346003e+05
2.545392371838369581e+05
2.383731102816586499e+05
1.646696393758594641e+05
2.576646042359010899e+05
3.780237124077888438e+05
2.882105145082169329e+05
4.779619005318942945e+05
3.307149194949272787e+05
2.484841148745502869e+05
2.849404531508939108e+05
2.698086885665235459e+05
2.545531451789332787e+05
2.029358488018277276e+05
2.564062104307568225e+05
1.939278919463257771e+05
1.494874563454003946e+05
9.061372355580935255e+04
1.603761493982324901e+05
1.531854223556063953e+05
1.275499197006051545e+05
1.124214257308907399e+05
1.219120400407675479e+05
6.353137999904486787e+04
1.081753033827090549e+05
9.170239646457717754e+04
6.970986224984787987e+04
5.561749532533236197e+04
9.825716000144545978e+04
9.775750043296754302e+04
8.374175737393301097e+04
1.373556421075650142e+05
1.692173134677305934e+05
9.930741157620878948e+04
9.137985722197876021e+04
9.061372355580920703e+04
1.479959121002665488e+05
2.070964145621459757e+05
2.070180005287985550e+05
2.137636451963516010e+05
2.167832736802526633e+05
1.494879003831342270e+05
2.656951953041855595e+05
3.086424308046520455e+05
3.235569015810049023e+05
3.699668127445221180e+05
3.502204971129618352e+05
6.134445391874228371e+05
3.228705763673369656e+05
9.002332751032113447e+04
3.345475362770860665e+05
2.676200831319413846e+05
3.155327024095701054e+05
3.919507168608549400e+05
3.644949933430255041e+05
3.447697479295656667e+05
2.895743121021396946e+05
2.557544712814114755e+05
2.467894182700936799e+05
2.561076248265630857e+05
2.130843174679563672e+05
1.716535635489124688e+05
1.831236122887453821e+05
1.288408657311562856e+05
1.537954423601034796e+05
9.930741157620896411e+04
1.692173134677309718e+05
1.359043170920847042e+05
1.146905256465558195e+05
1.404621783301893156e+05
8.621900140633343835e+04
9.197732815585890785e+04
6.760064589108143991e+04
1.040753856401794183e+05
8.863743651698571921e+04
7.830302333008419373e+04
7.591515537139137450e+04
8.730450697929081798e+04
1.417166694046713237e+05
1.419537815578293230e+05
1.375365442957686028e+05
1.359043170920849079e+05
1.531854223556069774e+05
1.603761493982328684e+05
9.137985722197913856e+04
1.690985121071876783e+05
1.061698414166662551e+05
1.970018114305404306e+05
2.107027225684364093e+05
2.240312726972485834e+05
2.215110904006449855e+05
2.240568616526692349e+05
3.167923449561984744e+05
2.210647757458060514e+05
3.634213635178429540e+05
2.264002975169625715e+05
3.864829583954078844e+05
5.383763661404529121e+05
2.335860380103428906e+05
2.328318937106058584e+05
5.161389563194258371e+05
4.479086590472401585e+05
4.405815910395151586e+05
2.743662644517611479e+05
2.841217316913155955e+05
3.472103591597326449e+05
2.328233687611895148e+05
2.054212527358494408e+05
1.452495791850146197e+05
2.078461994205844530e+05
1.896964582191956579e+05
1.126857462683342892e+05
1.257206700643242366e+05
9.656826194922204013e+04
1.234695045499005355e+05
1.292702279831038031e+05
1.363354396324127156e+05
1.375365442957686610e+05
6.488176930423991871e+04
7.061986177935723390e+04
1.250075461564139841e+05
9.182342647551442496e+04
9.955389527985667519e+04
6.091425684079525672e+04
5.434989447000897781e+04
7.862385725935242954e+04
5.977816135359245527e+04
1.011472246055978467e+05
9.747869770125552895e+04
1.105405370693836303e+05
7.098821818256756524e+04
7.095706411544910225e+04
8.636459294350451091e+04
6.488176930423998419e+04
1.146905256465561979e+05
1.275499197006054455e+05
9.002332751032098895e+04
1.359715385681198968e+05
8.445921928193296480e+04
1.334655627787602716e+05
1.315884173553412547e+05
2.902311686580302194e+05
1.847047807637999358e+05
2.778490855534906150e+05
1.872395347956732148e+05
2.339887065195255855e+05
2.806399069916788721e+05
3.014333337800053996e+05
2.749918315350330085e+05
2.978965848436651868e+05
2.585601708536153601e+05
2.902030023940140964e+05
2.219116468435623392e+05
1.851599706224083784e+05
2.774838807603911264e+05
3.344245830880809226e+05
2.704732156094884849e+05
2.987363771129868692e+05
2.161923542258811649e+05
2.157617274195621721e+05
2.926416401345813647e+05
1.995565116155179567e+05
2.771228090812450973e+05
2.592409133110895928e+05
2.802349527861808310e+05
1.862321678352454619e+05
1.353530607588511193e+05
1.510812723280416103e+05
1.061971549020254315e+05
8.439828985752194421e+04
1.447555770316814887e+05
1.364485745469873946e+05
7.095706411544910225e+04
8.636459294350458367e+04
1.037972174207543430e+05
6.908637662522558821e+04
8.661175573007788626e+04
5.128211858495953493e+04
6.820955576216545887e+04
9.938069960198778426e+04
9.264244676957646152e+04
7.424714237717460492e+04
6.208816916957817739e+04
9.605773884538109996e+04
1.032365292643969879e+05
1.250075461564132420e+05
1.404621783301892283e+05
1.124214257308905653e+05
1.067447578037133208e+05
1.361066475286165660e+05
1.859977246686765284e+05
1.717606453446325031e+05
1.824793533096175233e+05
2.261814202955978690e+05
1.755910066831786535e+05
2.231090740434886538e+05
3.056105967924582656e+05
2.354348166003401857e+05
3.545171360373537173e+05
2.149950262270954554e+05
3.047558568720048643e+05
3.293878174059053417e+05
5.307368795899284305e+05
3.364723661180707277e+05
1.611742267881494190e+05
7.061986177935697197e+04
8.996742593057685008e+04
2.902686575583833037e+05
2.927613489012739738e+05
5.126761145544669125e+05
3.516127119000993553e+05
4.164325776112595340e+05
3.824483631933075376e+05
2.747940101233142195e+05
2.788245149517184473e+05
1.773563561698535923e+05
2.150925524512028496e+05
2.480828479425921687e+05
1.558287897062346456e+05
1.182279782545512426e+05
1.422144872612613544e+05
1.216415497349743528e+05
8.012842186457896605e+04
9.951204960473196115e+04
1.040111074140524433e+05
1.077561665142719576e+05
9.718242314760758018e+04
8.577696899655084417e+04
9.841553793028360815e+04
7.049948811150371330e+04
5.966895225503175607e+04
7.392723616877585300e+04
6.119039823196316866e+04
5.409958352882741019e+04
6.197036371797164611e+04
4.701203015902153857e+04
4.836959218696882454e+04
7.137668126078121713e+04
7.785081480366228789e+04
7.367705648937817023e+04
7.297563042826893798e+04
5.925374729688670777e+04
6.840797774902507081e+04
9.182342647551417758e+04
8.621900140633317642e+04
1.219120400407670822e+05
9.713878678542409034e+04
1.213978686325772287e+05
1.910745304572262685e+05
1.485631367336258118e+05
1.453112195685499464e+05
1.150640999316946545e+05
1.967685261273717042e+05
2.284738776224073081e+05
2.106547682302001631e+05
3.868013670756506035e+05
3.142071840641455492e+05
1.914116362710510439e+05
4.538294364448322449e+05
4.034214441883259569e+05
4.529681780430155923e+05
3.111146284015878919e+05
1.871372989180212026e+05
1.928289567839687224e+05
3.554554071343886317e+05
7.435389187759702327e+05
3.414121050223581260e+05
4.657444827862043167e+05
3.430408270299967262e+05
2.504519780944910599e+05
1.748687328560440219e+05
2.240504617075174174e+05
1.979569904964853195e+05
1.527643734657905879e+05
1.745202356814814266e+05
1.669789554885155521e+05
2.584234617835303070e+05
1.257214714805372496e+05
1.674235068919598998e+05
1.181792574969317066e+05
9.944250870793699869e+04
5.561212469343308476e+04
5.562082017324359913e+04
9.452410728018467489e+04
6.941656825843479601e+04
5.088784916723211791e+04
8.108316988809991744e+04
8.417723843312977988e+04
6.745064912797456782e+04
6.378785440494387876e+04
4.971245526003167470e+04
7.080469085629902838e+04
5.978677645254912204e+04
8.907804579914307396e+04
7.922208992174510786e+04
6.694656483587357798e+04
6.123861227261819295e+04
8.648834203962498577e+04
9.955389527985686436e+04
9.197732815585914068e+04
6.760064589108145447e+04
6.353137999904433673e+04
9.559662481890490744e+04
1.419073042722275422e+05
1.839824218868841708e+05
1.102517510527386330e+05
1.839243790892391698e+05
1.162278310666231846e+05
2.675751946882615448e+05
2.250359208276645513e+05
3.237515662519796751e+05
3.271074031188072986e+05
3.750046685593682341e+05
4.649873115214786958e+05
2.480430034575159079e+05
3.141251030965034151e+05
4.850883039995584986e+05
3.294917551892054616e+05
2.638539618268738850e+05
2.995741214537048945e+05
2.745046493017351022e+05
6.750825304958649212e+05
3.872016637151945615e+05
5.300483543294264236e+05
4.910774790443261154e+05
3.750994048497577896e+05
2.812627876078481204e+05
2.624668541497479891e+05
2.536690679645640776e+05
1.969481082222563564e+05
1.850072677757487400e+05
2.199481628565995488e+05
1.565877057591565535e+05
1.558686952647915750e+05
1.500986861340988835e+05
1.246393750029703078e+05
7.902871010290409322e+04
8.353043136725519435e+04
7.307426864528801525e+04
1.010381039705769945e+05
5.887992991526416881e+04
7.578140929661833798e+04
9.310306464845575101e+04
7.499633639730661525e+04
8.132937949939329701e+04
8.630012253449500713e+04
5.654783230775951233e+04
4.812036873257543630e+04
8.268495488907404069e+04
7.934540047499789216e+04
6.141350414603504760e+04
5.374046859817842051e+04
6.820955576216548798e+04
6.091425684079528583e+04
1.040753856401796365e+05
1.081753033827087784e+05
1.033694950191432727e+05
1.244757301740125986e+05
1.500986861340988835e+05
1.558686952647916914e+05
1.565877057591566409e+05
1.101199579746949021e+05
1.805116985666997207e+05
4.538333630996747524e+04
5.128748095014230057e+04
2.199481628565994324e+05
1.850072677757483034e+05
1.593842576882504218e+05
2.238161507153651037e+05
2.653984236760565545e+05
2.818878246407076367e+05
2.120558196238246164e+05
2.624352625428318279e+05
4.910774790443239035e+05
5.300483543294258416e+05
6.750825304958630586e+05
2.745046493017344037e+05
2.638539618268739432e+05
3.294917551892049960e+05
4.850883039995606523e+05
3.141251030965039390e+05
4.649873115214800928e+05
2.624352625428342726e+05
2.120558196238258388e+05
2.818878246407082770e+05
2.653984236760569038e+05
2.238161507153653074e+05
1.593842576882509456e+05
2.675751946882627090e+05
1.839243790892391989e+05
1.101199579746948439e+05
1.839824218868843745e+05
1.424536362514517969e+05
1.030723125893176039e+05
1.018607562901112105e+05
1.107238125007309427e+05
6.789147947091622336e+04
7.384414890031833784e+04
8.740282496709277621e+04
4.459509908167507092e+04
4.752974891869351268e+04
8.081335244003077969e+04
8.295678933915268863e+04
4.581035764574780478e+04
7.499298810597235570e+04
8.300989502261580492e+04
3.338786732729605865e+04
6.015535119421131822e+04
7.701366107747484057e+04
4.877292751810995833e+04
6.183574967521704821e+04
9.934713881509409111e+04
5.434989447000895598e+04
8.863743651698573376e+04
9.170239646457722120e+04
8.229729678908255300e+04
9.937989564984639583e+04
1.179929295572279079e+05
1.673721494638027507e+05
1.257214714805373515e+05
2.584234617835304816e+05
1.669789554885156977e+05
1.745202356814815430e+05
1.969481082222558034e+05
1.988549365917379619e+05
2.624668541497481638e+05
2.812627876078455593e+05
3.750994048497542972e+05
4.657444827862025122e+05
7.435389187759672059e+05
3.872016637151926407e+05
1.928289567839680531e+05
1.988549365917370887e+05
1.871372989180193690e+05
3.111146284015880083e+05
4.529681780430158251e+05
2.995741214537053020e+05
4.538294364448321285e+05
2.480430034575164900e+05
3.750046685593688162e+05
3.271074031188079971e+05
3.237515662519805483e+05
2.250359208276649588e+05
1.967685261273714132e+05
1.150640999316952948e+05
1.162278310666243488e+05
1.485631367336259864e+05
1.911612853624887939e+05
1.225143412795363693e+05
9.771180588948701916e+04
6.451260762594422704e+04
6.659557821602598415e+04
9.365643935818807222e+04
1.008659671785437677e+05
6.693075734257954173e+04
6.731465729082249163e+04
6.767501462364647887e+04
5.905985438636194158e+04
4.417197158660631248e+04
4.573825762780862715e+04
6.973687584538804367e+04
8.629480426196739427e+04
6.962978142898445367e+04
5.346567490047815227e+04
6.659404129040095722e+04
6.399137470107752597e+04
4.852058338885933335e+04
4.705644527397889760e+04
1.102517510527386185e+05
4.689813019355997676e+04
7.861752597628631338e+04
7.827991842874392751e+04
6.970986224984780711e+04
5.561749532533237652e+04
9.825716000144567806e+04
9.775750043296800868e+04
7.987102828602780937e+04
1.216098700049318722e+05
1.422144872612614708e+05
1.182279782545516064e+05
1.558287897062345291e+05
2.480828479425923724e+05
1.527643734657907626e+05
2.536690679645642231e+05
2.240504617075163405e+05
1.748687328560427122e+05
1.805116985666990222e+05
3.430408270299971336e+05
4.164325776112581370e+05
3.414121050223575439e+05
5.126761145544661558e+05
2.902686575583826634e+05
3.554554071343872929e+05
9.413746955945805530e+04
3.364723661180684576e+05
5.307368795899254037e+05
4.034214441883220570e+05
3.047558568720045150e+05
2.149950262270962703e+05
1.914116362710496469e+05
3.142071840641422314e+05
3.868013670756503125e+05
2.106547682302005705e+05
2.284738776224068133e+05
2.261814202955970832e+05
1.824793533096173196e+05
1.453112195685506449e+05
1.859977176255832601e+05
1.363812483322234766e+05
1.068415781441717700e+05
9.824423594764145673e+04
1.223390171872039791e+05
8.621900140633314732e+04
9.187972684710305475e+04
8.710871827989068697e+04
5.217870326187029423e+04
5.598034147234434204e+04
5.146714161079625046e+04
8.179712048992355994e+04
5.730875193095181021e+04
4.409685433267353801e+04
5.076012818232004065e+04
7.575161137863952899e+04
5.307037938082299661e+04
8.363863847584328323e+04
7.714661046278658614e+04
7.035997038530357531e+04
7.404750979546160670e+04
9.961470136651539360e+04
7.544030857424314308e+04
5.947238012388675997e+04
8.730450697929083253e+04
1.417166694046716148e+05
8.374175737393350573e+04
1.057778649867116183e+05
1.510812659946511267e+05
1.353530607588514395e+05
1.862321678352453746e+05
2.802349527861800743e+05
2.150925524512029660e+05
1.979569904964847083e+05
2.788245149517172831e+05
2.504519780944921076e+05
3.824483631933080615e+05
2.161923542258820089e+05
2.987363771129875095e+05
3.516127119001001702e+05
3.344245830880825524e+05
2.927613489012741484e+05
1.851599706224096008e+05
2.219116468435600982e+05
2.902030023940119427e+05
2.585601708536151855e+05
3.293878174059053417e+05
2.749918315350362100e+05
3.014333337800084846e+05
3.545171360373504576e+05
2.354348166003398946e+05
3.056105967924584984e+05
2.231090740434877225e+05
1.755910066831776639e+05
2.902311686580291716e+05
1.717606453446328524e+05
1.334662810154299368e+05
8.996990233398457349e+04
1.360080840430026001e+05
9.003365784307966533e+04
1.124010632046470710e+05
1.404621783301890246e+05
1.250075461564133584e+05
6.836341206202656031e+04
5.932670370481185091e+04
7.307449994742427953e+04
6.105518861184314301e+04
6.171425492815683538e+04
8.311237692681039334e+04
7.824276663808245212e+04
4.768123762192662252e+04
6.013012088379327906e+04
8.534376447682219441e+04
7.713148077598228701e+04
7.605447472910485521e+04
6.918603766577449278e+04
5.390057581715346896e+04
9.141010101684113033e+04
1.096075133559702226e+05
1.440964895718386106e+05
1.373508156903199852e+05
1.292807052552594978e+05
1.234692000182276679e+05
9.656822739053244004e+04
1.257206700643246440e+05
1.126857462683342455e+05
1.896964582191951922e+05
2.078461994205836963e+05
2.592409133110892144e+05
1.773563561698533304e+05
2.771228090812454466e+05
2.747940101233150926e+05
2.926416401345829363e+05
2.157617274195643258e+05
2.743662644517630106e+05
4.405815910395174287e+05
2.704732156094894162e+05
5.161389563194276416e+05
2.328318937106065277e+05
2.774838807603922905e+05
2.335860380103420757e+05
5.383763661404520972e+05
2.978965848436656524e+05
2.264002975169642013e+05
3.634213635178457480e+05
2.806399069916796871e+05
2.339887065195255564e+05
1.872395347956731275e+05
2.778490855534899165e+05
1.847047807637990918e+05
2.240312726972480887e+05
2.107027225684357109e+05
1.315884173553409637e+05
1.970023298340587353e+05
8.446415192434973142e+04
1.061746456555404002e+05
1.690983931508847745e+05
1.275499197006053000e+05
1.146905256465559651e+05
7.061986177935694286e+04
8.636459294350454002e+04
1.032371834178162098e+05
9.608225256756534509e+04
7.367598481899958279e+04
6.690815784144873032e+04
7.852148565169260837e+04
8.864044240708109282e+04
4.592213936757550982e+04
7.300181502778991126e+04
5.134517018972516234e+04
6.454232963917475718e+04
6.949977313237990893e+04
7.346281723254383542e+04
7.116021262548898812e+04
8.478712342347580125e+04
7.006398726890391845e+04
1.367875000158812909e+05
1.692094606994610804e+05
9.930704412907504593e+04
1.537954227979436109e+05
1.288408657311566058e+05
1.831236122887453821e+05
2.130843174679561635e+05
2.561076248265629401e+05
1.452495791850143869e+05
1.611742267881493608e+05
2.328233687611906207e+05
3.472103591597333434e+05
2.841217316913169925e+05
3.644949933430256788e+05
3.919507168608570937e+05
4.479086590472438838e+05
3.345475362770874635e+05
1.995565116155190044e+05
3.228705763673363253e+05
6.134445391874224879e+05
3.864829583954082918e+05
3.699668127445213613e+05
3.235569015810056007e+05
3.167923449561989401e+05
2.240568616526682745e+05
2.215110904006448400e+05
2.167832736802533327e+05
2.137636451963513973e+05
2.070180005287985841e+05
2.070968389293870423e+05
1.479959121002663451e+05
1.531854223556066572e+05
1.359043170920849079e+05
6.488176930423990416e+04
1.375365442957687192e+05
7.095706411544932052e+04
7.098821818256772531e+04
9.747869770125542709e+04
6.208690825583122205e+04
7.423797814867418492e+04
7.135395770055032335e+04
6.031069648888696975e+04
4.700649730396874656e+04
6.206750098584847001e+04
6.122627269372769661e+04
6.820116051512575359e+04
7.965967936338455183e+04
7.611607768410995777e+04
8.296555696036611334e+04
7.856517763179741451e+04
6.484904185116125154e+04
1.358903092469153635e+05
1.603760567638571374e+05
9.137985722197868745e+04
1.494874563454002200e+05
1.939278919463256316e+05
2.564062104307558329e+05
1.716535635489122360e+05
2.545531451789333369e+05
2.467894182700937381e+05
2.054212527358503139e+05
2.557544712814128143e+05
2.895743121021405095e+05
3.447697479295649682e+05
4.779619005318938871e+05
2.882105145082172239e+05
3.155327024095712695e+05
2.676200831319421413e+05
1.646696393758594058e+05
2.210647757458069536e+05
7.773965253808237321e+04
2.545392371838365798e+05
3.394431734683348914e+05
3.900689822031169897e+05
3.502204971129609039e+05
2.541533663940469269e+05
3.050643752304964000e+05
3.086424308046527440e+05
2.656951953041856759e+05
1.494879003831336449e+05
3.199573690874329768e+05
2.527175283084091789e+05
1.969902536059425620e+05
1.475247629729756736e+05
1.467467976775252027e+05
9.061372355580943986e+04
1.603761493982330139e+05
1.692173134677307680e+05
1.373556421075651597e+05
1.419537815578296140e+05
1.105405370693835575e+05
1.011467478246835817e+05
9.254117193760420196e+04
9.824018054444088193e+04
7.115542277091323922e+04
8.148291338756258483e+04
1.124694375906889036e+05
7.087553967563444166e+04
1.207508685360678064e+05
6.973803949961144826e+04
1.146889701481665688e+05
1.531854223556067445e+05
1.479959121002662578e+05
9.061372355580911972e+04
1.467467976775255520e+05
2.741546076728182379e+05
1.474899434177450312e+05
2.029358488018276403e+05
2.546228581466059841e+05
2.698086885665225564e+05
2.849404531508946675e+05
2.484841148745496466e+05
3.307149194949255907e+05
4.113222833624135237e+05
4.207261262973539415e+05
3.780237124077879125e+05
2.828543158810836030e+05
2.576646042359005078e+05
4.837278959060474881e+04
2.064809584819358133e+05
4.225987652585235192e+05
4.660340170940406388e+05
5.226884119563340792e+05
2.741693238701703958e+05
2.246655598917603784e+05
3.520936413047865499e+05
2.602193692708963645e+05
2.741387709073105361e+05
2.012823777098907449e+05
2.741546076728189364e+05
1.494874563454006275e+05
9.137985722197918221e+04
9.930741157620883314e+04
1.234695045499003754e+05
1.292808176864031702e+05
8.374175737393338932e+04
1.417166694046716148e+05
8.730450697929097805e+04
7.591515537139135995e+04
5.977816135359241889e+04
7.853220642892477917e+04
5.434234996605866036e+04
5.625032631921501161e+04
8.431869719437108142e+04
9.104071330461913021e+04
8.804867050177018973e+04
1.401220300393946818e+05
1.275504926263175730e+05
1.690985300525874190e+05
2.070964165387326502e+05
1.475247629729758191e+05
1.969902536059425038e+05
2.012823777098904829e+05
2.741387709073087317e+05
1.450428456484489434e+05
1.433117691758121946e+05
1.679616629286535608e+05
4.222490697976747761e+05
3.637668058679457754e+05
4.259359744855125318e+05
4.929770544770053821e+05
4.635502948821182945e+05
2.596806892362716608e+05
3.147173418297873577e+05
3.275681241520892363e+05
3.120676204354895744e+05
4.383936975939972326e+05
4.101926901215739199e+05
2.383731102816599596e+05
2.628599988108292455e+05
2.132673348685216333e+05
1.433117691758130968e+05
2.546228581466061296e+05
1.450428456484488270e+05
1.474899434177454968e+05
2.564062104307566187e+05
1.939278919463263883e+05
1.537954423601036542e+05
9.656826194922196737e+04
1.510812723280415812e+05
1.057778649867116328e+05
9.775750043296784861e+04
9.825716000144569261e+04
5.561749532533255115e+04
6.970986224984792352e+04
7.830302333008417918e+04
8.862850743266867357e+04
9.760235077695257496e+04
6.757022835903182568e+04
1.219305328903206828e+05
1.124223243656893319e+05
9.002348624437225226e+04
1.359715769455218106e+05
1.061698507407198922e+05
1.970018109942405717e+05
2.070180005287985550e+05
2.137636451963516593e+05
2.527175283084088296e+05
3.199573690874316962e+05
2.602193692708952003e+05
2.132673348685217206e+05
2.213253387547023012e+05
3.464660368635950726e+05
3.128420206211101031e+05
6.370260033696328755e+05
5.017773442256247508e+05
2.639445928957682336e+05
2.237235824665087857e+05
4.191420452182670124e+05
6.370260033696348546e+05
3.128420206211120822e+05
3.464660368635969935e+05
2.213253387547031161e+05
4.222490697976752417e+05
2.698086885665235459e+05
2.545531451789325802e+05
1.716535635489118868e+05
2.130843174679554941e+05
1.831236122887449746e+05
1.288408657311562856e+05
1.257206700643240183e+05
1.353530607588512648e+05
1.216098700049318286e+05
7.987102828602786758e+04
1.179929295572276897e+05
9.937989564984627941e+04
8.229729678908261121e+04
9.170239646457732306e+04
1.081702842902117118e+05
6.352528211766892491e+04
9.713542110669740941e+04
1.067443171975872101e+05
1.361065345340503845e+05
8.996741340532239701e+04
8.445921723460091744e+04
1.334655626313723624e+05
1.315884173553415458e+05
2.107027225684371952e+05
2.240312726972489327e+05
2.167832736802522559e+05
1.494879003831331793e+05
2.656951953041860834e+05
3.520936413047867827e+05
2.628599988108284306e+05
4.101926901215716498e+05
4.383936975939961267e+05
3.120676204354899819e+05
4.191420452182669542e+05
2.237235824665093096e+05
3.731128405718560098e+05
1.679616629286535026e+05
2.029358488018271455e+05
2.639445928957680007e+05
5.017773442256266135e+05
3.731128405718564172e+05
4.929770544770073029e+05
4.259359744855139870e+05
3.637668058679476380e+05
2.484841148745494138e+05
2.849404531508954824e+05
2.467894182700952515e+05
2.561076248265623581e+05
2.078461994205841329e+05
1.896964582191949012e+05
1.862321678352452000e+05
1.182279782545511262e+05
1.422144872612611216e+05
1.673721494638026343e+05
1.500986861340987380e+05
1.244757301740123075e+05
1.033694950191431126e+05
9.559537950678731431e+04
1.213977585525070172e+05
1.910745304572261812e+05
1.859977219554658222e+05
1.717606453446326486e+05
2.902311686580309179e+05
1.847047807638001686e+05
2.215110904006444616e+05
2.240568616526683618e+05
3.167923449561991147e+05
3.086424308046540827e+05
2.246655598917604075e+05
5.226884119563347194e+05
2.383731102816585626e+05
1.126857462683337508e+05
4.660340170940414537e+05
3.275681241520914482e+05
3.147173418297885801e+05
2.596806892362722720e+05
4.635502948821199825e+05
4.207261262973552803e+05
4.113222833624148625e+05
3.307149194949266384e+05
2.895743121021403349e+05
2.557544712814140657e+05
2.054212527358495281e+05
1.452495791850141541e+05
2.592409133110893308e+05
2.802349527861810056e+05
1.558287897062343545e+05
2.584234617835297831e+05
1.257214714805365948e+05
1.558686952647911967e+05
1.839824218868839962e+05
1.419073042722273967e+05
1.485631367336262192e+05
1.453112195685503248e+05
1.824793533096168831e+05
2.261814202955975197e+05
1.755910066831789445e+05
2.778490855534902657e+05
1.872395347956728074e+05
2.339887065195250907e+05
2.210647757458063425e+05
3.235569015810055425e+05
3.050643752304980299e+05
2.541533663940508559e+05
2.741693238701724331e+05
3.900689822031157091e+05
4.225987652585247415e+05
2.064809584819354932e+05
1.102517510527386767e+05
2.828543158810852910e+05
3.780237124077891931e+05
2.882105145082170493e+05
4.779619005318950512e+05
3.447697479295666562e+05
3.472103591597342165e+05
2.328233687611894857e+05
2.771228090812441660e+05
1.773563561698530102e+05
2.150925524512029369e+05
2.480828479425922269e+05
1.669789554885156394e+05
2.199481628565999854e+05
1.839243790892397519e+05
1.162278310666242323e+05
1.150640999316951056e+05
1.967685261273715587e+05
2.284738776224066096e+05
2.231090740434883628e+05
3.056105967924579163e+05
2.354348166003400693e+05
2.806399069916786975e+05
3.634213635178438853e+05
3.699668127445221180e+05
3.502204971129616024e+05
6.134445391874229535e+05
2.545392371838373656e+05
3.394431734683339018e+05
1.611742267881486332e+05
1.565877057591563207e+05
1.101199579746946692e+05
1.646696393758603372e+05
2.576646042359023413e+05
3.155327024095708039e+05
3.919507168608541251e+05
3.644949933430245146e+05
2.841217316913161194e+05
2.926416401345816557e+05
1.995565116155177820e+05
2.747940101233142777e+05
2.788245149517185055e+05
1.979569904964846501e+05
1.527643734657903842e+05
1.745202356814812811e+05
1.850072677757488564e+05
2.675751946882630000e+05
2.250359208276648424e+05
3.237515662519788602e+05
3.868013670756503707e+05
2.106547682301996101e+05
3.545171360373525531e+05
3.014333337800079025e+05
2.749918315350349294e+05
2.264002975169635029e+05
3.864829583954086993e+05
5.383763661404534942e+05
3.228705763673376059e+05
3.345475362770878128e+05
2.676200831319428398e+05
4.479086590472403914e+05
4.405815910395134706e+05
2.743662644517618464e+05
2.157617274195630162e+05
3.824483631933061406e+05
2.504519780944903614e+05
1.748687328560447204e+05
2.240504617075168935e+05
2.536690679645642813e+05
1.969481082222566183e+05
2.238161507153651619e+05
2.653984236760574277e+05
3.271074031188079389e+05
3.142071840641440940e+05
1.914116362710504618e+05
2.149950262270976382e+05
3.047558568720055628e+05
3.293878174059045268e+05
2.585601708536150982e+05
2.902030023940144456e+05
2.335860380103431235e+05
1.593842576882512658e+05
2.978965848436654778e+05
2.328318937106073136e+05
5.161389563194267685e+05
2.704732156094878446e+05
2.987363771129862289e+05
4.164325776112577296e+05
3.430408270299942815e+05
1.805116985666984983e+05
2.812627876078473055e+05
2.624668541497489205e+05
2.818878246407086262e+05
3.750046685593684088e+05
2.480430034575151512e+05
4.538294364448310807e+05
4.034214441883229301e+05
5.307368795899287798e+05
2.219116468435628340e+05
2.161923542258816015e+05
1.988549365917384566e+05
1.851599706224096008e+05
2.774838807603928144e+05
3.344245830880817957e+05
3.516127119000990642e+05
3.414121050223585335e+05
4.657444827862035017e+05
3.750994048497551121e+05
2.624352625428327592e+05
4.649873115214777645e+05
3.141251030965021928e+05
2.995741214537042542e+05
4.529681780430152430e+05
3.364723661180709605e+05
2.120558196238253440e+05
2.902686575583839440e+05
2.927613489012746722e+05
5.126761145544684841e+05
7.435389187759709312e+05
5.300483543294264236e+05
4.910774790443250677e+05
4.850883039995575673e+05
3.111146284015873680e+05
1.871372989180213481e+05
1.928289567839686060e+05
3.872016637151940959e+05
6.750825304958639899e+05
2.638539618268744089e+05
3.294917551892049960e+05
3.554554071343889809e+05
2.745046493017349858e+05
